Voltage(V)	Current(A)	PD Current(A)	J (mA/cm2)	L (cd/m2)	Cur Eff (cd/A)	Power Eff (lm/W)	EQE(%)	CIE X	CIE Y	Wav (nm)	Intensity (au)	NeV (V)	NeJ (mA/cm2))
-4.000E+0	8.286E-5	7.133E-9	2.071E+0	3.461E-1	1.671E-2	-1.312E-2	1.375E-2	6.883E-1	3.080E-1	3.801E+2	6.310E-6	-4.000E+0	
-3.760E+0	6.653E-5	7.159E-9	1.663E+0	3.474E-1	2.089E-2	-1.744E-2	1.719E-2			3.805E+2	3.269E-5		
-3.520E+0	5.311E-5	7.144E-9	1.328E+0	3.467E-1	2.611E-2	-2.329E-2	2.148E-2			3.809E+2	2.867E-6		
-3.280E+0	3.924E-5	7.156E-9	9.811E-1	3.472E-1	3.539E-2	-3.388E-2	2.912E-2			3.812E+2	6.884E-6		
-3.040E+0	3.031E-5	7.157E-9	7.577E-1	3.473E-1	4.583E-2	-4.734E-2	3.771E-2			3.816E+2	5.163E-6		
-2.800E+0	2.392E-5	7.167E-9	5.980E-1	3.478E-1	5.815E-2	-6.521E-2	4.784E-2			3.820E+2	9.178E-6		
-2.560E+0	1.907E-5	7.173E-9	4.767E-1	3.481E-1	7.302E-2	-8.956E-2	6.007E-2			3.823E+2	1.147E-5		
-2.320E+0	1.488E-5	7.198E-9	3.719E-1	3.493E-1	9.393E-2	-1.271E-1	7.728E-2			3.827E+2	1.836E-5		
-2.080E+0	1.200E-5	7.179E-9	3.000E-1	3.484E-1	1.161E-1	-1.753E-1	9.553E-2			3.830E+2	1.319E-5		
-1.840E+0	9.668E-6	7.172E-9	2.417E-1	3.480E-1	1.440E-1	-2.457E-1	1.185E-1			3.834E+2	1.147E-5		
-1.600E+0	7.659E-6	7.168E-9	1.915E-1	3.479E-1	1.817E-1	-3.565E-1	1.495E-1			3.838E+2	2.867E-6		
-1.360E+0	6.136E-6	7.157E-9	1.534E-1	3.473E-1	2.264E-1	-5.228E-1	1.863E-1			3.841E+2	5.735E-7		
-1.120E+0	4.917E-6	7.166E-9	1.229E-1	3.477E-1	2.829E-1	-7.931E-1	2.327E-1			3.845E+2	1.664E-5		
-8.800E-1	3.947E-6	7.186E-9	9.868E-2	3.487E-1	3.534E-1	-1.261E+0	2.907E-1			3.849E+2	1.319E-5		
-6.400E-1	2.905E-6	7.192E-9	7.262E-2	3.490E-1	4.806E-1	-2.358E+0	3.954E-1			3.852E+2	9.178E-6		
-4.000E-1	1.859E-6	7.167E-9	4.646E-2	3.478E-1	7.485E-1	-5.876E+0	6.158E-1			3.856E+2	4.014E-6		
-1.600E-1	7.910E-7	7.193E-9	1.978E-2	3.490E-1	1.765E+0	-3.464E+1	1.452E+0			3.860E+2	1.664E-5		
8.000E-2	5.456E-7	7.176E-9	1.364E-2	3.482E-1	2.553E+0	1.002E+2	2.100E+0			3.863E+2	2.696E-5		
3.200E-1	2.756E-6	7.165E-9	6.890E-2	3.477E-1	5.046E-1	4.952E+0	4.152E-1			3.867E+2	9.178E-6		
5.600E-1	5.642E-6	7.188E-9	1.410E-1	3.488E-1	2.473E-1	1.387E+0	2.035E-1			3.870E+2	2.294E-6		
8.000E-1	9.087E-6	7.176E-9	2.272E-1	3.482E-1	1.533E-1	6.016E-1	1.261E-1			3.874E+2	1.893E-5		
1.040E+0	1.299E-5	7.177E-9	3.247E-1	3.483E-1	1.073E-1	3.238E-1	8.824E-2			3.878E+2	1.032E-5		
1.280E+0	1.840E-5	7.177E-9	4.599E-1	3.483E-1	7.573E-2	1.858E-1	6.231E-2			3.881E+2	2.294E-6		
1.520E+0	2.323E-5	7.188E-9	5.808E-1	3.488E-1	6.006E-2	1.241E-1	4.942E-2			3.885E+2	1.606E-5		
1.760E+0	2.360E-5	1.416E-8	5.899E-1	6.873E-1	1.165E-1	2.079E-1	9.586E-2			3.889E+2	2.294E-5		
2.000E+0	2.848E-5	4.457E-7	7.121E-1	2.163E+1	3.037E+0	4.768E+0	2.499E+0			3.892E+2	0.000E+0		
2.240E+0	1.554E-4	1.051E-5	3.885E+0	5.100E+2	1.313E+1	1.840E+1	1.080E+1			3.896E+2	1.319E-5		
2.480E+0	6.401E-4	5.290E-5	1.600E+1	2.567E+3	1.604E+1	2.031E+1	1.320E+1			3.900E+2	4.588E-6		
2.720E+0	1.460E-3	1.247E-4	3.650E+1	6.051E+3	1.658E+1	1.914E+1	1.364E+1			3.903E+2	1.778E-5		
2.960E+0	2.494E-3	2.148E-4	6.236E+1	1.042E+4	1.671E+1	1.773E+1	1.375E+1			3.907E+2	1.147E-6		
3.200E+0	3.685E-3	3.164E-4	9.212E+1	1.536E+4	1.667E+1	1.636E+1	1.372E+1			3.911E+2	2.065E-5		
3.440E+0	4.983E-3	4.270E-4	1.246E+2	2.072E+4	1.664E+1	1.518E+1	1.369E+1			3.914E+2	7.457E-6		
3.680E+0	6.395E-3	5.437E-4	1.599E+2	2.639E+4	1.650E+1	1.408E+1	1.358E+1			3.918E+2	3.441E-6		
3.920E+0	7.898E-3	6.650E-4	1.975E+2	3.227E+4	1.634E+1	1.309E+1	1.345E+1			3.921E+2	1.893E-5		
4.160E+0	9.480E-3	7.896E-4	2.370E+2	3.831E+4	1.617E+1	1.220E+1	1.330E+1			3.925E+2	1.147E-5		
4.400E+0	1.115E-2	9.148E-4	2.786E+2	4.439E+4	1.593E+1	1.137E+1	1.311E+1			3.929E+2	9.751E-6		
4.640E+0	1.288E-2	1.042E-3	3.220E+2	5.059E+4	1.571E+1	1.063E+1	1.293E+1			3.932E+2	2.294E-6		
4.880E+0	1.470E-2	1.172E-3	3.674E+2	5.689E+4	1.548E+1	9.963E+0	1.274E+1			3.936E+2	1.549E-5		
5.120E+0	1.658E-2	1.302E-3	4.146E+2	6.319E+4	1.524E+1	9.348E+0	1.254E+1			3.940E+2	1.778E-5		
5.360E+0	1.853E-2	1.431E-3	4.632E+2	6.945E+4	1.499E+1	8.784E+0	1.234E+1			3.943E+2	9.751E-6		
5.600E+0	2.054E-2	1.562E-3	5.136E+2	7.579E+4	1.476E+1	8.275E+0	1.214E+1			3.947E+2	2.524E-5		
5.840E+0	2.263E-2	1.695E-3	5.658E+2	8.225E+4	1.454E+1	7.816E+0	1.196E+1			3.950E+2	4.130E-5		
6.080E+0	2.478E-2	1.828E-3	6.195E+2	8.869E+4	1.432E+1	7.393E+0	1.178E+1			3.954E+2	4.014E-6		
6.320E+0	2.699E-2	1.961E-3	6.748E+2	9.518E+4	1.410E+1	7.007E+0	1.160E+1			3.958E+2	2.237E-5		
6.560E+0	2.927E-2	2.096E-3	7.318E+2	1.017E+5	1.390E+1	6.653E+0	1.143E+1			3.961E+2	2.065E-5		
6.800E+0	3.161E-2	2.231E-3	7.901E+2	1.083E+5	1.370E+1	6.328E+0	1.128E+1			3.965E+2	1.032E-5		
7.040E+0	3.400E-2	2.369E-3	8.500E+2	1.150E+5	1.352E+1	6.032E+0	1.113E+1			3.969E+2	1.032E-5		
7.280E+0	3.646E-2	2.507E-3	9.115E+2	1.217E+5	1.335E+1	5.757E+0	1.098E+1			3.972E+2	2.867E-6		
7.520E+0	3.897E-2	2.646E-3	9.743E+2	1.284E+5	1.318E+1	5.504E+0	1.084E+1			3.976E+2	5.737E-6		
7.760E+0	4.158E-2	2.787E-3	1.039E+3	1.353E+5	1.301E+1	5.266E+0	1.071E+1			3.980E+2	1.377E-5		
8.000E+0	4.425E-2	2.930E-3	1.106E+3	1.422E+5	1.285E+1	5.045E+0	1.058E+1			3.983E+2	1.606E-5		
										3.987E+2	2.639E-5		
										3.990E+2	1.377E-5		
										3.994E+2	9.751E-6		
										3.998E+2	2.639E-5		
										4.001E+2	2.409E-5		
										4.005E+2	1.721E-5		
										4.009E+2	5.737E-6		
										4.012E+2	1.720E-6		
										4.016E+2	1.147E-6		
										4.020E+2	1.720E-6		
										4.023E+2	5.163E-6		
										4.027E+2	8.604E-6		
										4.030E+2	5.737E-6		
										4.034E+2	4.014E-6		
										4.038E+2	9.178E-6		
										4.041E+2	1.549E-5		
										4.045E+2	1.491E-5		
										4.049E+2	1.664E-5		
										4.052E+2	4.014E-6		
										4.056E+2	6.310E-6		
										4.059E+2	3.441E-6		
										4.063E+2	7.457E-6		
										4.067E+2	1.319E-5		
										4.070E+2	1.147E-6		
										4.074E+2	1.205E-5		
										4.077E+2	2.409E-5		
										4.081E+2	1.950E-5		
										4.085E+2	1.205E-5		
										4.088E+2	2.294E-6		
										4.092E+2	6.310E-6		
										4.095E+2	1.664E-5		
										4.099E+2	1.147E-6		
										4.103E+2	1.664E-5		
										4.106E+2	5.737E-6		
										4.110E+2	9.751E-6		
										4.114E+2	1.319E-5		
										4.117E+2	4.588E-6		
										4.121E+2	5.737E-6		
										4.125E+2	2.352E-5		
										4.128E+2	7.457E-6		
										4.132E+2	6.884E-6		
										4.135E+2	6.310E-6		
										4.139E+2	9.178E-6		
										4.142E+2	2.696E-5		
										4.146E+2	2.581E-5		
										4.150E+2	4.588E-6		
										4.153E+2	1.147E-6		
										4.157E+2	4.014E-6		
										4.161E+2	1.032E-5		
										4.164E+2	2.581E-5		
										4.168E+2	4.588E-6		
										4.171E+2	5.735E-7		
										4.175E+2	5.735E-7		
										4.179E+2	1.434E-5		
										4.182E+2	2.065E-5		
										4.186E+2	1.491E-5		
										4.189E+2	1.147E-6		
										4.193E+2	1.664E-5		
										4.197E+2	2.409E-5		
										4.200E+2	9.178E-6		
										4.204E+2	1.090E-5		
										4.208E+2	1.205E-5		
										4.211E+2	3.155E-5		
										4.215E+2	3.441E-6		
										4.218E+2	1.262E-5		
										4.222E+2	1.950E-5		
										4.225E+2	1.491E-5		
										4.229E+2	5.737E-6		
										4.233E+2	1.491E-5		
										4.236E+2	9.178E-6		
										4.240E+2	5.735E-7		
										4.244E+2	8.031E-6		
										4.247E+2	4.588E-6		
										4.251E+2	6.310E-6		
										4.254E+2	8.031E-6		
										4.258E+2	1.721E-5		
										4.261E+2	3.958E-5		
										4.265E+2	6.884E-6		
										4.269E+2	3.441E-6		
										4.272E+2	1.950E-5		
										4.276E+2	7.457E-6		
										4.280E+2	1.491E-5		
										4.283E+2	1.778E-5		
										4.287E+2	2.122E-5		
										4.290E+2	1.720E-6		
										4.294E+2	8.604E-6		
										4.298E+2	3.441E-6		
										4.301E+2	5.737E-6		
										4.305E+2	5.737E-6		
										4.308E+2	2.294E-6		
										4.312E+2	3.441E-6		
										4.315E+2	2.352E-5		
										4.319E+2	1.319E-5		
										4.323E+2	1.549E-5		
										4.326E+2	1.319E-5		
										4.330E+2	8.031E-6		
										4.333E+2	2.753E-5		
										4.337E+2	4.014E-6		
										4.341E+2	5.735E-7		
										4.344E+2	5.163E-6		
										4.348E+2	1.147E-5		
										4.351E+2	8.031E-6		
										4.355E+2	6.884E-6		
										4.359E+2	7.457E-6		
										4.362E+2	1.549E-5		
										4.366E+2	5.735E-7		
										4.369E+2	8.031E-6		
										4.373E+2	1.720E-6		
										4.376E+2	2.524E-5		
										4.380E+2	1.836E-5		
										4.384E+2	2.294E-6		
										4.387E+2	1.720E-6		
										4.391E+2	3.441E-6		
										4.394E+2	1.147E-5		
										4.398E+2	2.696E-5		
										4.402E+2	6.310E-6		
										4.405E+2	6.884E-6		
										4.409E+2	9.751E-6		
										4.412E+2	1.549E-5		
										4.416E+2	6.884E-6		
										4.420E+2	1.721E-5		
										4.423E+2	1.664E-5		
										4.427E+2	2.811E-5		
										4.430E+2	6.310E-6		
										4.434E+2	4.588E-6		
										4.437E+2	0.000E+0		
										4.441E+2	2.867E-6		
										4.445E+2	8.604E-6		
										4.448E+2	2.753E-5		
										4.452E+2	2.180E-5		
										4.455E+2	2.867E-6		
										4.459E+2	1.090E-5		
										4.462E+2	6.884E-6		
										4.466E+2	2.867E-6		
										4.470E+2	1.090E-5		
										4.473E+2	5.737E-6		
										4.477E+2	1.032E-5		
										4.480E+2	2.581E-5		
										4.484E+2	8.031E-6		
										4.488E+2	4.588E-6		
										4.491E+2	3.441E-6		
										4.495E+2	1.319E-5		
										4.498E+2	4.588E-6		
										4.502E+2	4.588E-6		
										4.505E+2	1.032E-5		
										4.509E+2	5.735E-7		
										4.512E+2	1.893E-5		
										4.516E+2	2.122E-5		
										4.520E+2	4.588E-6		
										4.523E+2	3.327E-5		
										4.527E+2	3.441E-6		
										4.530E+2	1.090E-5		
										4.534E+2	8.031E-6		
										4.538E+2	1.319E-5		
										4.541E+2	1.491E-5		
										4.545E+2	2.008E-5		
										4.548E+2	1.090E-5		
										4.552E+2	1.893E-5		
										4.555E+2	9.751E-6		
										4.559E+2	1.606E-5		
										4.562E+2	1.090E-5		
										4.566E+2	1.205E-5		
										4.570E+2	1.549E-5		
										4.573E+2	1.319E-5		
										4.577E+2	8.604E-6		
										4.580E+2	9.751E-6		
										4.584E+2	1.090E-5		
										4.588E+2	1.836E-5		
										4.591E+2	1.147E-5		
										4.595E+2	2.581E-5		
										4.598E+2	8.031E-6		
										4.602E+2	2.524E-5		
										4.605E+2	9.178E-6		
										4.609E+2	1.147E-5		
										4.612E+2	0.000E+0		
										4.616E+2	9.751E-6		
										4.620E+2	2.867E-6		
										4.623E+2	1.205E-5		
										4.627E+2	2.867E-6		
										4.630E+2	9.751E-6		
										4.634E+2	2.925E-5		
										4.637E+2	2.983E-5		
										4.641E+2	1.032E-5		
										4.645E+2	1.147E-6		
										4.648E+2	4.588E-6		
										4.652E+2	1.147E-6		
										4.655E+2	2.294E-6		
										4.659E+2	1.205E-5		
										4.662E+2	7.457E-6		
										4.666E+2	9.178E-6		
										4.669E+2	5.735E-7		
										4.673E+2	1.032E-5		
										4.676E+2	9.751E-6		
										4.680E+2	4.588E-6		
										4.684E+2	3.441E-6		
										4.687E+2	1.664E-5		
										4.691E+2	5.163E-6		
										4.694E+2	1.262E-5		
										4.698E+2	2.294E-5		
										4.701E+2	1.664E-5		
										4.705E+2	5.735E-7		
										4.709E+2	2.180E-5		
										4.712E+2	2.867E-6		
										4.716E+2	2.867E-6		
										4.719E+2	4.588E-6		
										4.723E+2	1.147E-6		
										4.726E+2	4.588E-6		
										4.730E+2	2.352E-5		
										4.733E+2	3.441E-6		
										4.737E+2	2.867E-6		
										4.740E+2	8.031E-6		
										4.744E+2	8.604E-6		
										4.748E+2	4.588E-6		
										4.751E+2	7.457E-6		
										4.755E+2	2.524E-5		
										4.758E+2	8.604E-6		
										4.762E+2	4.588E-6		
										4.765E+2	1.319E-5		
										4.769E+2	7.457E-6		
										4.772E+2	1.147E-5		
										4.776E+2	1.950E-5		
										4.779E+2	2.122E-5		
										4.783E+2	9.751E-6		
										4.786E+2	5.737E-6		
										4.790E+2	1.377E-5		
										4.794E+2	2.811E-5		
										4.797E+2	1.836E-5		
										4.801E+2	9.751E-6		
										4.804E+2	1.664E-5		
										4.808E+2	1.262E-5		
										4.811E+2	6.310E-6		
										4.815E+2	8.031E-6		
										4.818E+2	2.409E-5		
										4.822E+2	2.180E-5		
										4.825E+2	2.122E-5		
										4.829E+2	1.377E-5		
										4.832E+2	1.606E-5		
										4.836E+2	3.441E-6		
										4.840E+2	7.457E-6		
										4.843E+2	3.040E-5		
										4.847E+2	1.147E-6		
										4.850E+2	4.014E-6		
										4.854E+2	2.867E-6		
										4.857E+2	1.147E-6		
										4.861E+2	2.065E-5		
										4.864E+2	5.735E-7		
										4.868E+2	3.441E-6		
										4.871E+2	2.294E-6		
										4.875E+2	1.147E-6		
										4.878E+2	1.893E-5		
										4.882E+2	1.090E-5		
										4.885E+2	1.836E-5		
										4.889E+2	5.737E-6		
										4.893E+2	1.205E-5		
										4.896E+2	5.163E-6		
										4.900E+2	1.319E-5		
										4.903E+2	1.606E-5		
										4.907E+2	3.155E-5		
										4.910E+2	5.163E-6		
										4.914E+2	7.457E-6		
										4.917E+2	1.032E-5		
										4.921E+2	2.983E-5		
										4.924E+2	1.778E-5		
										4.928E+2	1.893E-5		
										4.931E+2	1.377E-5		
										4.935E+2	5.163E-6		
										4.938E+2	3.441E-6		
										4.942E+2	1.549E-5		
										4.945E+2	1.032E-5		
										4.949E+2	1.950E-5		
										4.952E+2	2.466E-5		
										4.956E+2	1.778E-5		
										4.960E+2	4.588E-6		
										4.963E+2	1.205E-5		
										4.967E+2	4.014E-6		
										4.970E+2	4.014E-6		
										4.974E+2	4.014E-6		
										4.977E+2	4.014E-6		
										4.981E+2	2.867E-6		
										4.984E+2	1.032E-5		
										4.988E+2	5.735E-7		
										4.991E+2	1.720E-6		
										4.995E+2	5.737E-6		
										4.998E+2	7.457E-6		
										5.002E+2	1.319E-5		
										5.005E+2	1.549E-5		
										5.009E+2	5.163E-6		
										5.012E+2	2.867E-6		
										5.016E+2	1.664E-5		
										5.019E+2	5.735E-7		
										5.023E+2	8.604E-6		
										5.026E+2	8.031E-6		
										5.030E+2	3.441E-6		
										5.034E+2	2.867E-6		
										5.037E+2	5.737E-6		
										5.040E+2	8.031E-6		
										5.044E+2	1.090E-5		
										5.048E+2	3.212E-5		
										5.051E+2	1.434E-5		
										5.055E+2	2.867E-6		
										5.058E+2	1.778E-5		
										5.062E+2	1.491E-5		
										5.065E+2	5.163E-6		
										5.069E+2	1.950E-5		
										5.072E+2	4.014E-6		
										5.076E+2	8.604E-6		
										5.079E+2	1.319E-5		
										5.083E+2	2.867E-6		
										5.086E+2	2.008E-5		
										5.090E+2	1.147E-6		
										5.093E+2	2.008E-5		
										5.097E+2	2.639E-5		
										5.100E+2	1.090E-5		
										5.104E+2	1.319E-5		
										5.107E+2	1.720E-6		
										5.111E+2	1.147E-6		
										5.114E+2	1.434E-5		
										5.118E+2	0.000E+0		
										5.121E+2	6.884E-6		
										5.125E+2	2.180E-5		
										5.128E+2	1.319E-5		
										5.132E+2	7.457E-6		
										5.135E+2	1.549E-5		
										5.139E+2	3.441E-6		
										5.142E+2	2.524E-5		
										5.146E+2	6.310E-6		
										5.149E+2	2.867E-6		
										5.153E+2	1.664E-5		
										5.156E+2	1.721E-5		
										5.160E+2	2.065E-5		
										5.163E+2	1.893E-5		
										5.167E+2	2.639E-5		
										5.170E+2	9.178E-6		
										5.174E+2	5.737E-6		
										5.177E+2	5.163E-6		
										5.181E+2	7.457E-6		
										5.184E+2	9.178E-6		
										5.188E+2	6.884E-6		
										5.191E+2	1.147E-5		
										5.195E+2	1.893E-5		
										5.198E+2	6.884E-6		
										5.202E+2	2.524E-5		
										5.205E+2	1.205E-5		
										5.209E+2	4.014E-6		
										5.212E+2	0.000E+0		
										5.216E+2	5.735E-7		
										5.219E+2	9.178E-6		
										5.223E+2	0.000E+0		
										5.226E+2	8.031E-6		
										5.230E+2	6.310E-6		
										5.233E+2	5.737E-6		
										5.237E+2	2.867E-6		
										5.240E+2	1.090E-5		
										5.244E+2	4.588E-6		
										5.247E+2	1.377E-5		
										5.251E+2	1.090E-5		
										5.254E+2	5.735E-7		
										5.258E+2	2.294E-6		
										5.261E+2	1.090E-5		
										5.265E+2	9.751E-6		
										5.268E+2	2.065E-5		
										5.272E+2	1.147E-6		
										5.275E+2	8.031E-6		
										5.278E+2	1.205E-5		
										5.282E+2	7.457E-6		
										5.285E+2	1.664E-5		
										5.289E+2	3.556E-5		
										5.292E+2	1.262E-5		
										5.296E+2	9.178E-6		
										5.299E+2	1.377E-5		
										5.303E+2	1.319E-5		
										5.306E+2	7.457E-6		
										5.310E+2	6.310E-6		
										5.313E+2	3.384E-5		
										5.317E+2	1.319E-5		
										5.320E+2	6.884E-6		
										5.324E+2	2.868E-5		
										5.327E+2	5.735E-7		
										5.331E+2	2.639E-5		
										5.334E+2	5.735E-7		
										5.338E+2	2.581E-5		
										5.341E+2	5.737E-6		
										5.345E+2	1.778E-5		
										5.348E+2	6.310E-6		
										5.352E+2	1.377E-5		
										5.355E+2	2.581E-5		
										5.358E+2	2.008E-5		
										5.362E+2	6.884E-6		
										5.365E+2	5.735E-7		
										5.369E+2	4.588E-6		
										5.372E+2	2.868E-5		
										5.376E+2	6.884E-6		
										5.379E+2	9.178E-6		
										5.383E+2	1.147E-6		
										5.386E+2	1.377E-5		
										5.390E+2	4.588E-6		
										5.393E+2	3.441E-6		
										5.397E+2	2.867E-6		
										5.400E+2	1.090E-5		
										5.404E+2	6.310E-6		
										5.407E+2	1.893E-5		
										5.411E+2	1.205E-5		
										5.414E+2	2.867E-6		
										5.418E+2	1.377E-5		
										5.421E+2	0.000E+0		
										5.425E+2	1.262E-5		
										5.428E+2	2.581E-5		
										5.432E+2	1.778E-5		
										5.435E+2	1.434E-5		
										5.438E+2	6.310E-6		
										5.442E+2	1.950E-5		
										5.445E+2	2.409E-5		
										5.449E+2	3.441E-6		
										5.452E+2	2.352E-5		
										5.456E+2	2.294E-6		
										5.459E+2	1.434E-5		
										5.463E+2	1.205E-5		
										5.466E+2	3.327E-5		
										5.470E+2	9.178E-6		
										5.473E+2	1.147E-6		
										5.477E+2	1.090E-5		
										5.480E+2	2.639E-5		
										5.483E+2	1.720E-6		
										5.487E+2	1.205E-5		
										5.490E+2	1.319E-5		
										5.494E+2	2.294E-6		
										5.497E+2	1.836E-5		
										5.501E+2	1.377E-5		
										5.504E+2	3.671E-5		
										5.508E+2	1.147E-5		
										5.511E+2	7.457E-6		
										5.515E+2	1.434E-5		
										5.518E+2	2.696E-5		
										5.522E+2	8.031E-6		
										5.525E+2	2.294E-6		
										5.528E+2	2.237E-5		
										5.532E+2	2.409E-5		
										5.535E+2	4.014E-6		
										5.539E+2	6.884E-6		
										5.542E+2	3.900E-5		
										5.546E+2	1.319E-5		
										5.549E+2	4.588E-6		
										5.553E+2	2.237E-5		
										5.556E+2	1.090E-5		
										5.560E+2	1.836E-5		
										5.563E+2	2.811E-5		
										5.566E+2	1.319E-5		
										5.570E+2	1.205E-5		
										5.573E+2	8.031E-6		
										5.577E+2	1.836E-5		
										5.580E+2	2.524E-5		
										5.584E+2	5.737E-6		
										5.587E+2	6.310E-6		
										5.590E+2	1.090E-5		
										5.594E+2	3.786E-5		
										5.597E+2	1.147E-5		
										5.601E+2	3.614E-5		
										5.604E+2	3.671E-5		
										5.608E+2	3.499E-5		
										5.611E+2	1.032E-5		
										5.615E+2	4.302E-5		
										5.618E+2	2.639E-5		
										5.622E+2	3.269E-5		
										5.625E+2	2.008E-5		
										5.628E+2	4.130E-5		
										5.632E+2	1.836E-5		
										5.635E+2	3.556E-5		
										5.639E+2	3.499E-5		
										5.642E+2	2.065E-5		
										5.646E+2	6.195E-5		
										5.649E+2	3.327E-5		
										5.652E+2	2.122E-5		
										5.656E+2	4.187E-5		
										5.659E+2	3.556E-5		
										5.663E+2	3.900E-5		
										5.666E+2	3.958E-5		
										5.670E+2	5.851E-5		
										5.673E+2	3.900E-5		
										5.677E+2	5.048E-5		
										5.680E+2	4.876E-5		
										5.683E+2	6.424E-5		
										5.687E+2	7.227E-5		
										5.690E+2	5.851E-5		
										5.694E+2	6.711E-5		
										5.697E+2	6.998E-5		
										5.701E+2	4.417E-5		
										5.704E+2	6.023E-5		
										5.708E+2	5.392E-5		
										5.711E+2	8.604E-5		
										5.714E+2	9.063E-5		
										5.718E+2	7.285E-5		
										5.721E+2	5.965E-5		
										5.725E+2	9.350E-5		
										5.728E+2	8.374E-5		
										5.732E+2	8.489E-5		
										5.735E+2	6.539E-5		
										5.738E+2	9.235E-5		
										5.742E+2	8.145E-5		
										5.745E+2	1.141E-4		
										5.749E+2	9.636E-5		
										5.752E+2	1.101E-4		
										5.756E+2	1.130E-4		
										5.759E+2	1.170E-4		
										5.762E+2	1.233E-4		
										5.766E+2	1.423E-4		
										5.769E+2	1.250E-4		
										5.773E+2	1.199E-4		
										5.776E+2	1.302E-4		
										5.780E+2	1.159E-4		
										5.783E+2	1.480E-4		
										5.786E+2	1.606E-4		
										5.790E+2	1.526E-4		
										5.793E+2	1.583E-4		
										5.797E+2	1.474E-4		
										5.800E+2	1.612E-4		
										5.803E+2	1.560E-4		
										5.807E+2	1.893E-4		
										5.810E+2	1.881E-4		
										5.814E+2	1.749E-4		
										5.817E+2	2.013E-4		
										5.821E+2	2.214E-4		
										5.824E+2	1.950E-4		
										5.828E+2	2.008E-4		
										5.831E+2	2.237E-4		
										5.834E+2	2.053E-4		
										5.838E+2	2.185E-4		
										5.841E+2	2.277E-4		
										5.845E+2	2.730E-4		
										5.848E+2	2.512E-4		
										5.851E+2	2.421E-4		
										5.855E+2	2.793E-4		
										5.858E+2	2.725E-4		
										5.862E+2	2.931E-4		
										5.865E+2	2.862E-4		
										5.868E+2	2.811E-4		
										5.872E+2	3.000E-4		
										5.875E+2	3.442E-4		
										5.879E+2	3.063E-4		
										5.882E+2	3.344E-4		
										5.885E+2	3.350E-4		
										5.889E+2	3.459E-4		
										5.892E+2	3.596E-4		
										5.896E+2	3.585E-4		
										5.899E+2	3.665E-4		
										5.903E+2	3.929E-4		
										5.906E+2	4.095E-4		
										5.909E+2	4.273E-4		
										5.913E+2	4.090E-4		
										5.916E+2	4.319E-4		
										5.920E+2	4.795E-4		
										5.923E+2	4.399E-4		
										5.926E+2	4.692E-4		
										5.930E+2	4.738E-4		
										5.933E+2	4.927E-4		
										5.937E+2	5.248E-4		
										5.940E+2	5.254E-4		
										5.943E+2	5.329E-4		
										5.947E+2	5.811E-4		
										5.950E+2	5.983E-4		
										5.954E+2	6.086E-4		
										5.957E+2	6.120E-4		
										5.960E+2	6.132E-4		
										5.964E+2	6.401E-4		
										5.967E+2	6.510E-4		
										5.971E+2	7.250E-4		
										5.974E+2	7.313E-4		
										5.978E+2	7.348E-4		
										5.981E+2	7.755E-4		
										5.984E+2	8.002E-4		
										5.988E+2	8.174E-4		
										5.991E+2	8.466E-4		
										5.995E+2	8.426E-4		
										5.998E+2	8.988E-4		
										6.001E+2	9.235E-4		
										6.005E+2	9.510E-4		
										6.008E+2	1.001E-3		
										6.012E+2	1.004E-3		
										6.015E+2	1.078E-3		
										6.018E+2	1.070E-3		
										6.022E+2	1.061E-3		
										6.025E+2	1.135E-3		
										6.028E+2	1.183E-3		
										6.032E+2	1.237E-3		
										6.035E+2	1.255E-3		
										6.039E+2	1.301E-3		
										6.042E+2	1.371E-3		
										6.045E+2	1.406E-3		
										6.049E+2	1.443E-3		
										6.052E+2	1.479E-3		
										6.056E+2	1.540E-3		
										6.059E+2	1.622E-3		
										6.062E+2	1.648E-3		
										6.066E+2	1.732E-3		
										6.069E+2	1.774E-3		
										6.072E+2	1.849E-3		
										6.076E+2	1.922E-3		
										6.079E+2	1.963E-3		
										6.083E+2	2.018E-3		
										6.086E+2	2.136E-3		
										6.090E+2	2.194E-3		
										6.093E+2	2.300E-3		
										6.096E+2	2.378E-3		
										6.100E+2	2.568E-3		
										6.103E+2	2.553E-3		
										6.106E+2	2.639E-3		
										6.110E+2	2.799E-3		
										6.113E+2	2.866E-3		
										6.117E+2	3.014E-3		
										6.120E+2	3.093E-3		
										6.123E+2	3.227E-3		
										6.127E+2	3.339E-3		
										6.130E+2	3.486E-3		
										6.133E+2	3.521E-3		
										6.137E+2	3.758E-3		
										6.140E+2	3.924E-3		
										6.144E+2	4.031E-3		
										6.147E+2	4.113E-3		
										6.150E+2	4.309E-3		
										6.154E+2	4.473E-3		
										6.157E+2	4.650E-3		
										6.160E+2	4.773E-3		
										6.164E+2	5.030E-3		
										6.167E+2	5.210E-3		
										6.171E+2	5.390E-3		
										6.174E+2	5.492E-3		
										6.177E+2	5.650E-3		
										6.181E+2	5.891E-3		
										6.184E+2	6.147E-3		
										6.188E+2	6.202E-3		
										6.191E+2	6.479E-3		
										6.194E+2	6.694E-3		
										6.198E+2	6.860E-3		
										6.201E+2	7.092E-3		
										6.204E+2	7.324E-3		
										6.208E+2	7.445E-3		
										6.211E+2	7.664E-3		
										6.215E+2	7.822E-3		
										6.218E+2	8.115E-3		
										6.221E+2	8.280E-3		
										6.225E+2	8.456E-3		
										6.228E+2	8.637E-3		
										6.231E+2	8.883E-3		
										6.235E+2	8.977E-3		
										6.238E+2	9.259E-3		
										6.241E+2	9.322E-3		
										6.245E+2	9.582E-3		
										6.248E+2	9.746E-3		
										6.252E+2	9.951E-3		
										6.255E+2	1.002E-2		
										6.258E+2	1.021E-2		
										6.262E+2	1.028E-2		
										6.265E+2	1.059E-2		
										6.268E+2	1.063E-2		
										6.272E+2	1.072E-2		
										6.275E+2	1.077E-2		
										6.278E+2	1.091E-2		
										6.282E+2	1.091E-2		
										6.285E+2	1.114E-2		
										6.288E+2	1.112E-2		
										6.292E+2	1.125E-2		
										6.295E+2	1.130E-2		
										6.299E+2	1.126E-2		
										6.302E+2	1.146E-2		
										6.305E+2	1.128E-2		
										6.309E+2	1.134E-2		
										6.312E+2	1.118E-2		
										6.315E+2	1.132E-2		
										6.319E+2	1.128E-2		
										6.322E+2	1.119E-2		
										6.325E+2	1.134E-2		
										6.329E+2	1.122E-2		
										6.332E+2	1.106E-2		
										6.335E+2	1.104E-2		
										6.339E+2	1.090E-2		
										6.342E+2	1.091E-2		
										6.345E+2	1.069E-2		
										6.349E+2	1.062E-2		
										6.352E+2	1.043E-2		
										6.356E+2	1.036E-2		
										6.359E+2	1.011E-2		
										6.362E+2	1.003E-2		
										6.366E+2	9.790E-3		
										6.369E+2	9.652E-3		
										6.372E+2	9.344E-3		
										6.376E+2	9.240E-3		
										6.379E+2	9.051E-3		
										6.382E+2	8.785E-3		
										6.386E+2	8.581E-3		
										6.389E+2	8.322E-3		
										6.392E+2	8.110E-3		
										6.396E+2	7.940E-3		
										6.399E+2	7.643E-3		
										6.402E+2	7.445E-3		
										6.406E+2	7.235E-3		
										6.409E+2	6.965E-3		
										6.412E+2	6.739E-3		
										6.416E+2	6.548E-3		
										6.419E+2	6.434E-3		
										6.422E+2	6.104E-3		
										6.426E+2	5.893E-3		
										6.429E+2	5.724E-3		
										6.433E+2	5.407E-3		
										6.436E+2	5.325E-3		
										6.439E+2	5.094E-3		
										6.443E+2	4.906E-3		
										6.446E+2	4.741E-3		
										6.449E+2	4.570E-3		
										6.453E+2	4.255E-3		
										6.456E+2	4.192E-3		
										6.459E+2	4.008E-3		
										6.463E+2	3.809E-3		
										6.466E+2	3.637E-3		
										6.469E+2	3.571E-3		
										6.473E+2	3.377E-3		
										6.476E+2	3.265E-3		
										6.479E+2	3.089E-3		
										6.483E+2	3.029E-3		
										6.486E+2	2.815E-3		
										6.489E+2	2.795E-3		
										6.493E+2	2.584E-3		
										6.496E+2	2.558E-3		
										6.499E+2	2.428E-3		
										6.503E+2	2.300E-3		
										6.506E+2	2.205E-3		
										6.509E+2	2.128E-3		
										6.513E+2	2.063E-3		
										6.516E+2	1.925E-3		
										6.519E+2	1.870E-3		
										6.523E+2	1.795E-3		
										6.526E+2	1.736E-3		
										6.529E+2	1.655E-3		
										6.533E+2	1.525E-3		
										6.536E+2	1.516E-3		
										6.539E+2	1.471E-3		
										6.543E+2	1.339E-3		
										6.546E+2	1.340E-3		
										6.549E+2	1.249E-3		
										6.553E+2	1.201E-3		
										6.556E+2	1.170E-3		
										6.559E+2	1.093E-3		
										6.562E+2	1.063E-3		
										6.566E+2	1.032E-3		
										6.569E+2	9.745E-4		
										6.572E+2	8.942E-4		
										6.576E+2	8.937E-4		
										6.579E+2	8.461E-4		
										6.582E+2	8.288E-4		
										6.586E+2	7.784E-4		
										6.589E+2	7.325E-4		
										6.592E+2	7.130E-4		
										6.596E+2	7.078E-4		
										6.599E+2	6.631E-4		
										6.602E+2	6.470E-4		
										6.606E+2	5.759E-4		
										6.609E+2	6.097E-4		
										6.612E+2	5.604E-4		
										6.616E+2	5.472E-4		
										6.619E+2	5.157E-4		
										6.622E+2	4.950E-4		
										6.626E+2	4.480E-4		
										6.629E+2	4.388E-4		
										6.632E+2	4.067E-4		
										6.635E+2	3.849E-4		
										6.639E+2	3.935E-4		
										6.642E+2	3.625E-4		
										6.645E+2	4.044E-4		
										6.649E+2	3.505E-4		
										6.652E+2	3.442E-4		
										6.655E+2	3.229E-4		
										6.659E+2	2.857E-4		
										6.662E+2	3.074E-4		
										6.665E+2	2.661E-4		
										6.669E+2	2.575E-4		
										6.672E+2	2.587E-4		
										6.675E+2	2.340E-4		
										6.679E+2	2.398E-4		
										6.682E+2	2.329E-4		
										6.685E+2	2.277E-4		
										6.688E+2	2.168E-4		
										6.692E+2	1.772E-4		
										6.695E+2	2.002E-4		
										6.698E+2	1.887E-4		
										6.702E+2	2.019E-4		
										6.705E+2	1.801E-4		
										6.708E+2	1.514E-4		
										6.712E+2	1.652E-4		
										6.715E+2	1.600E-4		
										6.718E+2	1.824E-4		
										6.722E+2	1.308E-4		
										6.725E+2	1.468E-4		
										6.728E+2	1.468E-4		
										6.732E+2	1.405E-4		
										6.735E+2	1.400E-4		
										6.738E+2	1.147E-4		
										6.741E+2	1.136E-4		
										6.745E+2	1.032E-4		
										6.748E+2	1.124E-4		
										6.751E+2	9.866E-5		
										6.755E+2	8.030E-5		
										6.758E+2	8.776E-5		
										6.761E+2	7.686E-5		
										6.764E+2	5.449E-5		
										6.768E+2	8.145E-5		
										6.771E+2	5.334E-5		
										6.774E+2	8.833E-5		
										6.778E+2	7.973E-5		
										6.781E+2	7.285E-5		
										6.784E+2	6.826E-5		
										6.788E+2	7.514E-5		
										6.791E+2	6.309E-5		
										6.794E+2	6.195E-5		
										6.797E+2	4.818E-5		
										6.801E+2	8.260E-5		
										6.804E+2	3.786E-5		
										6.807E+2	6.195E-5		
										6.810E+2	5.048E-5		
										6.814E+2	5.793E-5		
										6.817E+2	2.524E-5		
										6.820E+2	6.654E-5		
										6.824E+2	5.392E-5		
										6.827E+2	6.137E-5		
										6.830E+2	4.704E-5		
										6.834E+2	4.073E-5		
										6.837E+2	5.220E-5		
										6.840E+2	2.409E-5		
										6.843E+2	2.581E-5		
										6.847E+2	3.786E-5		
										6.850E+2	1.147E-5		
										6.853E+2	3.384E-5		
										6.857E+2	2.524E-5		
										6.860E+2	1.778E-5		
										6.863E+2	5.334E-5		
										6.866E+2	3.958E-5		
										6.870E+2	1.147E-5		
										6.873E+2	2.180E-5		
										6.876E+2	2.811E-5		
										6.880E+2	2.065E-5		
										6.883E+2	9.178E-6		
										6.886E+2	1.147E-6		
										6.889E+2	4.876E-5		
										6.893E+2	1.205E-5		
										6.896E+2	9.178E-6		
										6.899E+2	1.090E-5		
										6.902E+2	3.040E-5		
										6.906E+2	2.409E-5		
										6.909E+2	1.836E-5		
										6.912E+2	1.319E-5		
										6.916E+2	6.884E-6		
										6.919E+2	6.884E-6		
										6.922E+2	6.884E-6		
										6.925E+2	1.319E-5		
										6.929E+2	7.457E-6		
										6.932E+2	2.237E-5		
										6.935E+2	9.178E-6		
										6.938E+2	1.778E-5		
										6.942E+2	1.778E-5		
										6.945E+2	3.097E-5		
										6.948E+2	3.212E-5		
										6.952E+2	2.065E-5		
										6.955E+2	2.237E-5		
										6.958E+2	7.457E-6		
										6.961E+2	9.751E-6		
										6.965E+2	2.867E-6		
										6.968E+2	1.549E-5		
										6.971E+2	5.737E-6		
										6.975E+2	1.147E-6		
										6.978E+2	8.604E-6		
										6.981E+2	1.147E-6		
										6.984E+2	3.958E-5		
										6.988E+2	1.836E-5		
										6.991E+2	1.778E-5		
										6.994E+2	4.588E-6		
										6.997E+2	1.720E-6		
										7.001E+2	1.319E-5		
										7.004E+2	3.040E-5		
										7.007E+2	1.836E-5		
										7.010E+2	2.008E-5		
										7.014E+2	2.867E-6		
										7.017E+2	2.466E-5		
										7.020E+2	1.491E-5		
										7.023E+2	1.205E-5		
										7.027E+2	2.008E-5		
										7.030E+2	8.031E-6		
										7.033E+2	1.032E-5		
										7.037E+2	1.950E-5		
										7.040E+2	9.751E-6		
										7.043E+2	2.409E-5		
										7.046E+2	4.588E-6		
										7.050E+2	2.867E-6		
										7.053E+2	4.588E-6		
										7.056E+2	0.000E+0		
										7.059E+2	2.867E-6		
										7.062E+2	4.014E-6		
										7.066E+2	9.178E-6		
										7.069E+2	1.205E-5		
										7.072E+2	1.721E-5		
										7.075E+2	8.031E-6		
										7.079E+2	1.319E-5		
										7.082E+2	2.867E-6		
										7.085E+2	1.147E-6		
										7.088E+2	1.262E-5		
										7.092E+2	9.178E-6		
										7.095E+2	1.377E-5		
										7.098E+2	1.032E-5		
										7.102E+2	1.664E-5		
										7.105E+2	4.014E-6		
										7.108E+2	2.753E-5		
										7.111E+2	5.737E-6		
										7.115E+2	4.014E-6		
										7.118E+2	1.721E-5		
										7.121E+2	2.294E-6		
										7.124E+2	4.588E-6		
										7.128E+2	5.735E-7		
										7.131E+2	5.735E-7		
										7.134E+2	2.868E-5		
										7.137E+2	1.606E-5		
										7.140E+2	9.178E-6		
										7.144E+2	2.237E-5		
										7.147E+2	2.867E-6		
										7.150E+2	1.434E-5		
										7.153E+2	1.778E-5		
										7.157E+2	2.867E-6		
										7.160E+2	1.147E-6		
										7.163E+2	2.065E-5		
										7.166E+2	4.014E-6		
										7.170E+2	8.604E-6		
										7.173E+2	9.178E-6		
										7.176E+2	9.751E-6		
										7.179E+2	3.441E-6		
										7.183E+2	1.147E-5		
										7.186E+2	9.178E-6		
										7.189E+2	1.778E-5		
										7.192E+2	1.262E-5		
										7.195E+2	1.664E-5		
										7.199E+2	1.836E-5		
										7.202E+2	2.867E-6		
										7.205E+2	6.310E-6		
										7.208E+2	3.441E-6		
										7.212E+2	6.884E-6		
										7.215E+2	4.588E-6		
										7.218E+2	4.588E-6		
										7.221E+2	8.604E-6		
										7.225E+2	8.031E-6		
										7.228E+2	1.720E-6		
										7.231E+2	2.867E-6		
										7.234E+2	2.294E-5		
										7.238E+2	8.604E-6		
										7.241E+2	1.664E-5		
										7.244E+2	1.262E-5		
										7.247E+2	2.065E-5		
										7.250E+2	2.237E-5		
										7.254E+2	1.950E-5		
										7.257E+2	3.441E-6		
										7.260E+2	8.031E-6		
										7.263E+2	5.163E-6		
										7.267E+2	6.884E-6		
										7.270E+2	2.237E-5		
										7.273E+2	1.491E-5		
										7.276E+2	1.606E-5		
										7.280E+2	1.205E-5		
										7.283E+2	1.549E-5		
										7.286E+2	2.867E-6		
										7.289E+2	1.664E-5		
										7.292E+2	4.588E-6		
										7.296E+2	1.090E-5		
										7.299E+2	1.778E-5		
										7.302E+2	1.205E-5		
										7.305E+2	3.155E-5		
										7.308E+2	1.147E-6		
										7.312E+2	1.434E-5		
										7.315E+2	9.178E-6		
										7.318E+2	2.867E-6		
										7.321E+2	1.377E-5		
										7.325E+2	1.090E-5		
										7.328E+2	9.178E-6		
										7.331E+2	8.031E-6		
										7.334E+2	4.588E-6		
										7.337E+2	8.031E-6		
										7.341E+2	3.441E-6		
										7.344E+2	1.262E-5		
										7.347E+2	2.867E-6		
										7.350E+2	1.491E-5		
										7.353E+2	4.187E-5		
										7.357E+2	1.032E-5		
										7.360E+2	1.491E-5		
										7.363E+2	1.032E-5		
										7.366E+2	4.588E-6		
										7.370E+2	1.147E-6		
										7.373E+2	8.031E-6		
										7.376E+2	2.008E-5		
										7.379E+2	8.031E-6		
										7.382E+2	2.581E-5		
										7.386E+2	2.466E-5		
										7.389E+2	2.867E-6		
										7.392E+2	1.836E-5		
										7.395E+2	9.178E-6		
										7.398E+2	2.867E-6		
										7.402E+2	4.588E-6		
										7.405E+2	4.588E-6		
										7.408E+2	2.180E-5		
										7.411E+2	2.122E-5		
										7.415E+2	1.664E-5		
										7.418E+2	9.751E-6		
										7.421E+2	4.588E-6		
										7.424E+2	2.294E-6		
										7.427E+2	1.377E-5		
										7.430E+2	1.205E-5		
										7.434E+2	1.205E-5		
										7.437E+2	1.893E-5		
										7.440E+2	1.549E-5		
										7.443E+2	5.737E-6		
										7.447E+2	1.205E-5		
										7.450E+2	4.014E-6		
										7.453E+2	5.737E-6		
										7.456E+2	2.294E-5		
										7.459E+2	1.205E-5		
										7.462E+2	7.457E-6		
										7.466E+2	9.178E-6		
										7.469E+2	2.294E-6		
										7.472E+2	3.441E-6		
										7.475E+2	9.751E-6		
										7.478E+2	5.735E-7		
										7.482E+2	2.639E-5		
										7.485E+2	8.031E-6		
										7.488E+2	5.735E-7		
										7.491E+2	1.032E-5		
										7.494E+2	8.604E-6		
										7.498E+2	2.008E-5		
										7.501E+2	1.090E-5		
										7.504E+2	2.696E-5		
										7.507E+2	1.032E-5		
										7.510E+2	6.310E-6		
										7.513E+2	1.778E-5		
										7.517E+2	2.065E-5		
										7.520E+2	2.008E-5		
										7.523E+2	1.205E-5		
										7.526E+2	1.549E-5		
										7.530E+2	1.721E-5		
										7.533E+2	1.434E-5		
										7.536E+2	2.065E-5		
										7.539E+2	5.735E-7		
										7.542E+2	1.720E-6		
										7.545E+2	2.008E-5		
										7.549E+2	2.294E-6		
										7.552E+2	6.310E-6		
										7.555E+2	1.721E-5		
										7.558E+2	5.735E-7		
										7.561E+2	5.735E-7		
										7.565E+2	0.000E+0		
										7.568E+2	8.031E-6		
										7.571E+2	1.319E-5		
										7.574E+2	9.178E-6		
										7.577E+2	1.606E-5		
										7.580E+2	1.434E-5		
										7.584E+2	1.606E-5		
										7.587E+2	1.147E-6		
										7.590E+2	0.000E+0		
										7.593E+2	1.491E-5		
										7.596E+2	1.778E-5		
										7.600E+2	1.836E-5		
										7.603E+2	2.466E-5		
										7.606E+2	2.867E-6		
										7.609E+2	1.778E-5		
										7.612E+2	9.751E-6		
										7.615E+2	2.294E-6		
										7.618E+2	4.014E-6		
										7.622E+2	1.147E-6		
										7.625E+2	3.040E-5		
										7.628E+2	1.720E-6		
										7.631E+2	2.639E-5		
										7.634E+2	2.065E-5		
										7.638E+2	3.212E-5		
										7.641E+2	2.294E-6		
										7.644E+2	0.000E+0		
										7.647E+2	5.737E-6		
										7.650E+2	2.180E-5		
										7.653E+2	6.310E-6		
										7.657E+2	1.606E-5		
										7.660E+2	2.867E-6		
										7.663E+2	1.090E-5		
										7.666E+2	1.434E-5		
										7.669E+2	4.014E-6		
										7.672E+2	3.441E-6		
										7.675E+2	1.032E-5		
										7.679E+2	1.319E-5		
										7.682E+2	4.588E-6		
										7.685E+2	2.294E-5		
										7.688E+2	1.720E-6		
										7.691E+2	1.664E-5		
										7.695E+2	7.457E-6		
										7.698E+2	5.737E-6		
										7.701E+2	4.014E-6		
										7.704E+2	2.294E-6		
										7.707E+2	1.319E-5		
										7.710E+2	6.884E-6		
										7.713E+2	1.147E-6		
										7.717E+2	1.032E-5		
										7.720E+2	6.310E-6		
										7.723E+2	1.147E-6		
										7.726E+2	5.735E-7		
										7.729E+2	1.262E-5		
										7.732E+2	1.778E-5		
										7.736E+2	9.178E-6		
										7.739E+2	8.604E-6		
										7.742E+2	4.014E-6		
										7.745E+2	5.735E-7		
										7.748E+2	6.310E-6		
										7.751E+2	1.778E-5		
										7.755E+2	2.409E-5		
										7.758E+2	5.163E-6		
										7.761E+2	1.147E-6		
										7.764E+2	1.664E-5		
										7.767E+2	5.737E-6		
										7.770E+2	4.588E-6		
										7.773E+2	6.310E-6		
										7.777E+2	2.811E-5		
										7.780E+2	8.031E-6		
										7.783E+2	4.014E-6		
										7.786E+2	7.457E-6		
										7.789E+2	8.031E-6		
										7.792E+2	7.457E-6		
										7.795E+2	4.014E-6		
										7.799E+2	1.377E-5		
										7.802E+2	1.032E-5		
