Voltage(V)	Current(A)	PD Current(A)	J (mA/cm2)	L (cd/m2)	Cur Eff (cd/A)	Power Eff (lm/W)	EQE(%)	CIE X	CIE Y	Wav (nm)	Intensity (au)	NeV (V)	NeJ (mA/cm2))
-4.000E+0	2.654E-6	1.656E-9	6.635E-2	7.951E-2	1.198E-1	-9.407E-2	9.959E-2	6.662E-1	3.242E-1	3.801E+2	1.149E-5	-4.000E+0	
-3.760E+0	2.061E-6	1.657E-9	5.153E-2	7.960E-2	1.545E-1	-1.290E-1	1.284E-1			3.805E+2	6.381E-6		
-3.520E+0	1.711E-6	1.628E-9	4.278E-2	7.819E-2	1.827E-1	-1.630E-1	1.519E-1			3.809E+2	4.255E-6		
-3.280E+0	1.453E-6	1.607E-9	3.633E-2	7.720E-2	2.125E-1	-2.034E-1	1.766E-1			3.812E+2	1.149E-5		
-3.040E+0	1.229E-6	1.618E-9	3.074E-2	7.773E-2	2.529E-1	-2.612E-1	2.102E-1			3.816E+2	1.276E-6		
-2.800E+0	9.694E-7	1.617E-9	2.423E-2	7.764E-2	3.204E-1	-3.593E-1	2.662E-1			3.820E+2	8.933E-6		
-2.560E+0	7.781E-7	1.639E-9	1.945E-2	7.870E-2	4.046E-1	-4.962E-1	3.362E-1			3.823E+2	8.508E-6		
-2.320E+0	6.189E-7	1.612E-9	1.547E-2	7.741E-2	5.003E-1	-6.772E-1	4.158E-1			3.827E+2	1.191E-5		
-2.080E+0	4.811E-7	1.563E-9	1.203E-2	7.505E-2	6.239E-1	-9.419E-1	5.185E-1			3.830E+2	1.702E-5		
-1.840E+0	3.739E-7	1.643E-9	9.348E-3	7.893E-2	8.443E-1	-1.441E+0	7.017E-1			3.834E+2	1.574E-5		
-1.600E+0	2.773E-7	1.576E-9	6.933E-3	7.569E-2	1.092E+0	-2.142E+0	9.072E-1			3.838E+2	4.253E-7		
-1.360E+0	1.970E-7	1.587E-9	4.924E-3	7.622E-2	1.548E+0	-3.574E+0	1.286E+0			3.841E+2	5.105E-6		
-1.120E+0	1.369E-7	1.608E-9	3.422E-3	7.723E-2	2.257E+0	-6.327E+0	1.875E+0			3.845E+2	5.531E-6		
-8.800E-1	8.876E-8	1.596E-9	2.219E-3	7.667E-2	3.455E+0	-1.233E+1	2.871E+0			3.849E+2	9.358E-6		
-6.400E-1	5.130E-8	1.551E-9	1.282E-3	7.448E-2	5.807E+0	-2.849E+1	4.826E+0			3.852E+2	1.914E-5		
-4.000E-1	2.555E-8	1.584E-9	6.388E-4	7.608E-2	1.191E+1	-9.349E+1	9.897E+0			3.856E+2	1.616E-5		
-1.600E-1	7.808E-9	1.575E-9	1.952E-4	7.563E-2	3.874E+1	-7.604E+2	3.220E+1			3.860E+2	2.127E-6		
8.000E-2	4.787E-9	1.598E-9	1.197E-4	7.675E-2	6.414E+1	2.517E+3	5.330E+1			3.863E+2	5.531E-6		
3.200E-1	2.000E-8	1.595E-9	5.001E-4	7.662E-2	1.532E+1	1.504E+2	1.273E+1			3.867E+2	1.957E-5		
5.600E-1	4.285E-8	1.597E-9	1.071E-3	7.671E-2	7.161E+0	4.015E+1	5.951E+0			3.870E+2	4.255E-6		
8.000E-1	8.182E-8	1.580E-9	2.045E-3	7.590E-2	3.711E+0	1.457E+1	3.084E+0			3.874E+2	3.829E-6		
1.040E+0	1.301E-7	1.548E-9	3.253E-3	7.435E-2	2.286E+0	6.901E+0	1.899E+0			3.878E+2	4.680E-6		
1.280E+0	1.906E-7	1.570E-9	4.764E-3	7.540E-2	1.583E+0	3.883E+0	1.315E+0			3.881E+2	8.082E-6		
1.520E+0	3.568E-7	1.635E-9	8.921E-3	7.853E-2	8.803E-1	1.819E+0	7.315E-1			3.885E+2	8.508E-6		
1.760E+0	5.712E-6	9.802E-9	1.428E-1	4.707E-1	3.296E-1	5.881E-1	2.739E-1			3.889E+2	8.506E-7		
2.000E+0	1.798E-4	5.028E-7	4.496E+0	2.415E+1	5.371E-1	8.432E-1	4.463E-1			3.892E+2	4.253E-7		
2.240E+0	1.287E-3	4.619E-6	3.219E+1	2.218E+2	6.893E-1	9.662E-1	5.728E-1			3.896E+2	0.000E+0		
2.480E+0	3.210E-3	1.225E-5	8.025E+1	5.882E+2	7.330E-1	9.281E-1	6.091E-1			3.900E+2	2.552E-6		
2.720E+0	5.535E-3	2.136E-5	1.384E+2	1.026E+3	7.415E-1	8.560E-1	6.162E-1			3.903E+2	1.914E-5		
2.960E+0	8.129E-3	3.126E-5	2.032E+2	1.501E+3	7.387E-1	7.836E-1	6.139E-1			3.907E+2	7.232E-6		
3.200E+0	1.094E-2	4.163E-5	2.734E+2	1.999E+3	7.313E-1	7.176E-1	6.077E-1			3.911E+2	9.358E-6		
3.440E+0	1.392E-2	5.229E-5	3.480E+2	2.511E+3	7.216E-1	6.587E-1	5.997E-1			3.914E+2	1.404E-5		
3.680E+0	1.707E-2	6.321E-5	4.268E+2	3.036E+3	7.112E-1	6.068E-1	5.910E-1			3.918E+2	1.063E-5		
3.920E+0	2.036E-2	7.423E-5	5.090E+2	3.565E+3	7.005E-1	5.611E-1	5.821E-1			3.921E+2	3.402E-6		
4.160E+0	2.377E-2	8.530E-5	5.941E+2	4.096E+3	6.895E-1	5.204E-1	5.730E-1			3.925E+2	5.956E-6		
4.400E+0	2.728E-2	9.638E-5	6.821E+2	4.629E+3	6.786E-1	4.843E-1	5.640E-1			3.929E+2	5.531E-6		
4.640E+0	3.091E-2	1.074E-4	7.726E+2	5.158E+3	6.676E-1	4.518E-1	5.548E-1			3.932E+2	8.508E-6		
4.880E+0	3.459E-2	1.185E-4	8.648E+2	5.689E+3	6.579E-1	4.233E-1	5.467E-1			3.936E+2	8.506E-7		
5.120E+0	3.838E-2	1.295E-4	9.596E+2	6.218E+3	6.480E-1	3.974E-1	5.385E-1			3.940E+2	1.701E-6		
5.360E+0	4.225E-2	1.405E-4	1.056E+3	6.746E+3	6.386E-1	3.741E-1	5.307E-1			3.943E+2	1.021E-5		
5.600E+0	4.619E-2	1.515E-4	1.155E+3	7.275E+3	6.300E-1	3.533E-1	5.236E-1			3.947E+2	1.319E-5		
5.840E+0	5.020E-2	1.625E-4	1.255E+3	7.806E+3	6.220E-1	3.345E-1	5.169E-1			3.950E+2	2.127E-6		
6.080E+0	5.428E-2	1.736E-4	1.357E+3	8.338E+3	6.145E-1	3.173E-1	5.106E-1			3.954E+2	1.149E-5		
6.320E+0	5.844E-2	1.847E-4	1.461E+3	8.871E+3	6.072E-1	3.017E-1	5.046E-1			3.958E+2	1.234E-5		
6.560E+0	6.266E-2	1.959E-4	1.567E+3	9.407E+3	6.005E-1	2.874E-1	4.990E-1			3.961E+2	3.829E-6		
6.800E+0	6.695E-2	2.071E-4	1.674E+3	9.944E+3	5.942E-1	2.744E-1	4.938E-1			3.965E+2	5.105E-6		
7.040E+0	7.130E-2	2.183E-4	1.782E+3	1.048E+4	5.881E-1	2.623E-1	4.887E-1			3.969E+2	1.829E-5		
7.280E+0	7.575E-2	2.296E-4	1.894E+3	1.102E+4	5.822E-1	2.511E-1	4.838E-1			3.972E+2	1.021E-5		
7.520E+0	8.027E-2	2.408E-4	2.007E+3	1.157E+4	5.764E-1	2.407E-1	4.790E-1			3.976E+2	4.253E-7		
7.760E+0	8.477E-2	2.518E-4	2.119E+3	1.209E+4	5.706E-1	2.309E-1	4.742E-1			3.980E+2	1.701E-6		
8.000E+0	8.909E-2	2.621E-4	2.227E+3	1.259E+4	5.652E-1	2.218E-1	4.697E-1			3.983E+2	8.508E-6		
										3.987E+2	1.531E-5		
										3.990E+2	1.021E-5		
										3.994E+2	1.106E-5		
										3.998E+2	1.063E-5		
										4.001E+2	1.063E-5		
										4.005E+2	5.531E-6		
										4.009E+2	2.552E-6		
										4.012E+2	6.807E-6		
										4.016E+2	1.319E-5		
										4.020E+2	4.680E-6		
										4.023E+2	9.784E-6		
										4.027E+2	1.063E-5		
										4.030E+2	2.552E-6		
										4.034E+2	1.574E-5		
										4.038E+2	1.659E-5		
										4.041E+2	5.531E-6		
										4.045E+2	2.127E-6		
										4.049E+2	0.000E+0		
										4.052E+2	6.807E-6		
										4.056E+2	5.956E-6		
										4.059E+2	7.657E-6		
										4.063E+2	4.255E-6		
										4.067E+2	2.977E-6		
										4.070E+2	1.319E-5		
										4.074E+2	3.402E-6		
										4.077E+2	4.255E-6		
										4.081E+2	1.361E-5		
										4.085E+2	1.063E-5		
										4.088E+2	4.253E-7		
										4.092E+2	2.085E-5		
										4.095E+2	1.999E-5		
										4.099E+2	1.872E-5		
										4.103E+2	1.446E-5		
										4.106E+2	6.807E-6		
										4.110E+2	1.744E-5		
										4.114E+2	2.212E-5		
										4.117E+2	5.956E-6		
										4.121E+2	1.872E-5		
										4.125E+2	6.381E-6		
										4.128E+2	1.701E-6		
										4.132E+2	2.977E-6		
										4.135E+2	5.956E-6		
										4.139E+2	6.381E-6		
										4.142E+2	5.956E-6		
										4.146E+2	2.977E-6		
										4.150E+2	1.787E-5		
										4.153E+2	1.361E-5		
										4.157E+2	2.552E-6		
										4.161E+2	1.319E-5		
										4.164E+2	2.638E-5		
										4.168E+2	1.149E-5		
										4.171E+2	4.680E-6		
										4.175E+2	8.506E-7		
										4.179E+2	2.850E-5		
										4.182E+2	1.829E-5		
										4.186E+2	1.404E-5		
										4.189E+2	2.042E-5		
										4.193E+2	2.765E-5		
										4.197E+2	1.872E-5		
										4.200E+2	3.105E-5		
										4.204E+2	2.552E-5		
										4.208E+2	1.191E-5		
										4.211E+2	1.149E-5		
										4.215E+2	1.914E-5		
										4.218E+2	2.765E-5		
										4.222E+2	3.701E-5		
										4.225E+2	1.531E-5		
										4.229E+2	2.085E-5		
										4.233E+2	2.638E-5		
										4.236E+2	3.318E-5		
										4.240E+2	2.297E-5		
										4.244E+2	3.063E-5		
										4.247E+2	3.318E-5		
										4.251E+2	2.680E-5		
										4.254E+2	2.850E-5		
										4.258E+2	2.978E-5		
										4.261E+2	4.722E-5		
										4.265E+2	5.105E-5		
										4.269E+2	4.509E-5		
										4.272E+2	3.531E-5		
										4.276E+2	4.297E-5		
										4.280E+2	3.616E-5		
										4.283E+2	3.658E-5		
										4.287E+2	4.212E-5		
										4.290E+2	3.956E-5		
										4.294E+2	5.360E-5		
										4.298E+2	2.680E-5		
										4.301E+2	4.935E-5		
										4.305E+2	4.594E-5		
										4.308E+2	4.126E-5		
										4.312E+2	4.212E-5		
										4.315E+2	2.255E-5		
										4.319E+2	4.297E-5		
										4.323E+2	4.892E-5		
										4.326E+2	2.935E-5		
										4.330E+2	5.615E-5		
										4.333E+2	4.594E-5		
										4.337E+2	4.807E-5		
										4.341E+2	3.148E-5		
										4.344E+2	3.148E-5		
										4.348E+2	2.893E-5		
										4.351E+2	4.084E-5		
										4.355E+2	3.446E-5		
										4.359E+2	5.445E-5		
										4.362E+2	2.935E-5		
										4.366E+2	5.232E-5		
										4.369E+2	3.744E-5		
										4.373E+2	4.424E-5		
										4.376E+2	4.850E-5		
										4.380E+2	3.105E-5		
										4.384E+2	4.254E-5		
										4.387E+2	3.361E-5		
										4.391E+2	3.744E-5		
										4.394E+2	3.573E-5		
										4.398E+2	2.893E-5		
										4.402E+2	3.190E-5		
										4.405E+2	3.871E-5		
										4.409E+2	3.616E-5		
										4.412E+2	4.126E-5		
										4.416E+2	2.297E-5		
										4.420E+2	3.701E-5		
										4.423E+2	2.297E-5		
										4.427E+2	5.190E-5		
										4.430E+2	2.595E-5		
										4.434E+2	3.531E-5		
										4.437E+2	3.786E-5		
										4.441E+2	4.212E-5		
										4.445E+2	3.403E-5		
										4.448E+2	2.808E-5		
										4.452E+2	3.999E-5		
										4.455E+2	2.340E-5		
										4.459E+2	2.170E-5		
										4.462E+2	3.956E-5		
										4.466E+2	2.170E-5		
										4.470E+2	3.276E-5		
										4.473E+2	2.680E-5		
										4.477E+2	3.446E-5		
										4.480E+2	4.764E-5		
										4.484E+2	2.382E-5		
										4.488E+2	4.126E-5		
										4.491E+2	2.765E-5		
										4.495E+2	2.808E-5		
										4.498E+2	2.297E-5		
										4.502E+2	1.404E-5		
										4.505E+2	2.935E-5		
										4.509E+2	3.956E-5		
										4.512E+2	2.680E-5		
										4.516E+2	3.063E-5		
										4.520E+2	1.361E-5		
										4.523E+2	2.127E-5		
										4.527E+2	8.508E-6		
										4.530E+2	2.552E-5		
										4.534E+2	3.914E-5		
										4.538E+2	2.255E-5		
										4.541E+2	3.446E-5		
										4.545E+2	2.552E-5		
										4.548E+2	2.510E-5		
										4.552E+2	2.765E-5		
										4.555E+2	2.978E-5		
										4.559E+2	3.361E-5		
										4.562E+2	3.956E-5		
										4.566E+2	2.170E-5		
										4.570E+2	2.978E-5		
										4.573E+2	3.148E-5		
										4.577E+2	1.191E-5		
										4.580E+2	3.871E-5		
										4.584E+2	7.232E-6		
										4.588E+2	2.680E-5		
										4.591E+2	4.253E-7		
										4.595E+2	2.850E-5		
										4.598E+2	2.425E-5		
										4.602E+2	4.297E-5		
										4.605E+2	4.764E-5		
										4.609E+2	2.552E-5		
										4.612E+2	2.297E-5		
										4.616E+2	1.319E-5		
										4.620E+2	2.212E-5		
										4.623E+2	2.723E-5		
										4.627E+2	3.361E-5		
										4.630E+2	1.872E-5		
										4.634E+2	1.829E-5		
										4.637E+2	4.679E-5		
										4.641E+2	1.702E-5		
										4.645E+2	1.787E-5		
										4.648E+2	1.404E-5		
										4.652E+2	9.784E-6		
										4.655E+2	1.063E-5		
										4.659E+2	1.404E-5		
										4.662E+2	2.638E-5		
										4.666E+2	1.999E-5		
										4.669E+2	2.340E-5		
										4.673E+2	3.276E-5		
										4.676E+2	2.595E-5		
										4.680E+2	2.978E-5		
										4.684E+2	4.084E-5		
										4.687E+2	2.723E-5		
										4.691E+2	0.000E+0		
										4.694E+2	1.446E-5		
										4.698E+2	3.190E-5		
										4.701E+2	1.702E-5		
										4.705E+2	8.933E-6		
										4.709E+2	1.702E-5		
										4.712E+2	1.361E-5		
										4.716E+2	3.063E-5		
										4.719E+2	2.723E-5		
										4.723E+2	1.489E-5		
										4.726E+2	2.382E-5		
										4.730E+2	4.680E-6		
										4.733E+2	1.531E-5		
										4.737E+2	1.999E-5		
										4.740E+2	2.255E-5		
										4.744E+2	2.552E-5		
										4.748E+2	4.467E-5		
										4.751E+2	2.085E-5		
										4.755E+2	2.340E-5		
										4.758E+2	2.723E-5		
										4.762E+2	1.744E-5		
										4.765E+2	1.702E-5		
										4.769E+2	9.358E-6		
										4.772E+2	1.106E-5		
										4.776E+2	2.127E-5		
										4.779E+2	2.552E-6		
										4.783E+2	1.574E-5		
										4.786E+2	3.190E-5		
										4.790E+2	2.042E-5		
										4.794E+2	3.786E-5		
										4.797E+2	1.106E-5		
										4.801E+2	2.977E-6		
										4.804E+2	2.595E-5		
										4.808E+2	8.933E-6		
										4.811E+2	2.170E-5		
										4.815E+2	1.957E-5		
										4.818E+2	3.190E-5		
										4.822E+2	3.361E-5		
										4.825E+2	3.488E-5		
										4.829E+2	3.658E-5		
										4.832E+2	2.212E-5		
										4.836E+2	8.508E-6		
										4.840E+2	4.297E-5		
										4.843E+2	2.340E-5		
										4.847E+2	1.574E-5		
										4.850E+2	1.489E-5		
										4.854E+2	8.508E-6		
										4.857E+2	1.744E-5		
										4.861E+2	2.935E-5		
										4.864E+2	2.255E-5		
										4.868E+2	1.149E-5		
										4.871E+2	2.893E-5		
										4.875E+2	3.020E-5		
										4.878E+2	6.807E-6		
										4.882E+2	1.276E-5		
										4.885E+2	1.404E-5		
										4.889E+2	8.506E-7		
										4.893E+2	1.829E-5		
										4.896E+2	9.358E-6		
										4.900E+2	7.657E-6		
										4.903E+2	3.402E-6		
										4.907E+2	2.170E-5		
										4.910E+2	2.723E-5		
										4.914E+2	2.552E-5		
										4.917E+2	4.637E-5		
										4.921E+2	1.234E-5		
										4.924E+2	1.702E-5		
										4.928E+2	2.893E-5		
										4.931E+2	2.297E-5		
										4.935E+2	1.234E-5		
										4.938E+2	2.042E-5		
										4.942E+2	2.552E-5		
										4.945E+2	1.701E-6		
										4.949E+2	1.489E-5		
										4.952E+2	1.616E-5		
										4.956E+2	2.042E-5		
										4.960E+2	5.531E-6		
										4.963E+2	4.680E-6		
										4.967E+2	1.829E-5		
										4.970E+2	8.082E-6		
										4.974E+2	1.872E-5		
										4.977E+2	1.191E-5		
										4.981E+2	1.659E-5		
										4.984E+2	1.489E-5		
										4.988E+2	1.149E-5		
										4.991E+2	2.042E-5		
										4.995E+2	1.744E-5		
										4.998E+2	3.402E-6		
										5.002E+2	1.063E-5		
										5.005E+2	1.063E-5		
										5.009E+2	1.659E-5		
										5.012E+2	3.402E-6		
										5.016E+2	6.807E-6		
										5.019E+2	5.956E-6		
										5.023E+2	2.212E-5		
										5.026E+2	2.935E-5		
										5.030E+2	3.063E-5		
										5.034E+2	1.999E-5		
										5.037E+2	1.191E-5		
										5.040E+2	2.255E-5		
										5.044E+2	8.082E-6		
										5.048E+2	3.829E-6		
										5.051E+2	1.319E-5		
										5.055E+2	1.489E-5		
										5.058E+2	2.893E-5		
										5.062E+2	4.253E-7		
										5.065E+2	7.657E-6		
										5.069E+2	2.552E-6		
										5.072E+2	1.659E-5		
										5.076E+2	1.234E-5		
										5.079E+2	2.127E-5		
										5.083E+2	1.149E-5		
										5.086E+2	2.850E-5		
										5.090E+2	9.784E-6		
										5.093E+2	2.977E-6		
										5.097E+2	3.148E-5		
										5.100E+2	2.978E-5		
										5.104E+2	2.595E-5		
										5.107E+2	2.723E-5		
										5.111E+2	2.340E-5		
										5.114E+2	8.933E-6		
										5.118E+2	2.510E-5		
										5.121E+2	5.956E-6		
										5.125E+2	2.127E-6		
										5.128E+2	1.276E-6		
										5.132E+2	2.127E-6		
										5.135E+2	4.255E-6		
										5.139E+2	1.149E-5		
										5.142E+2	1.021E-5		
										5.146E+2	8.082E-6		
										5.149E+2	5.105E-6		
										5.153E+2	2.552E-6		
										5.156E+2	1.787E-5		
										5.160E+2	1.489E-5		
										5.163E+2	1.446E-5		
										5.167E+2	1.106E-5		
										5.170E+2	2.765E-5		
										5.174E+2	7.657E-6		
										5.177E+2	8.082E-6		
										5.181E+2	3.488E-5		
										5.184E+2	2.765E-5		
										5.188E+2	1.404E-5		
										5.191E+2	4.680E-6		
										5.195E+2	2.638E-5		
										5.198E+2	1.276E-5		
										5.202E+2	2.340E-5		
										5.205E+2	2.042E-5		
										5.209E+2	1.234E-5		
										5.212E+2	2.212E-5		
										5.216E+2	1.234E-5		
										5.219E+2	2.765E-5		
										5.223E+2	2.808E-5		
										5.226E+2	1.361E-5		
										5.230E+2	5.531E-6		
										5.233E+2	9.784E-6		
										5.237E+2	2.978E-5		
										5.240E+2	3.233E-5		
										5.244E+2	1.489E-5		
										5.247E+2	1.276E-6		
										5.251E+2	1.616E-5		
										5.254E+2	2.340E-5		
										5.258E+2	4.255E-6		
										5.261E+2	4.212E-5		
										5.265E+2	1.914E-5		
										5.268E+2	2.935E-5		
										5.272E+2	8.933E-6		
										5.275E+2	1.361E-5		
										5.278E+2	5.956E-6		
										5.282E+2	1.574E-5		
										5.285E+2	3.318E-5		
										5.289E+2	3.531E-5		
										5.292E+2	3.829E-5		
										5.296E+2	2.978E-5		
										5.299E+2	2.212E-5		
										5.303E+2	5.232E-5		
										5.306E+2	2.977E-6		
										5.310E+2	2.552E-6		
										5.313E+2	3.616E-5		
										5.317E+2	1.914E-5		
										5.320E+2	3.531E-5		
										5.324E+2	2.467E-5		
										5.327E+2	2.127E-5		
										5.331E+2	3.233E-5		
										5.334E+2	2.510E-5		
										5.338E+2	1.489E-5		
										5.341E+2	3.318E-5		
										5.345E+2	4.935E-5		
										5.348E+2	3.190E-5		
										5.352E+2	4.679E-5		
										5.355E+2	3.105E-5		
										5.358E+2	2.723E-5		
										5.362E+2	2.977E-6		
										5.365E+2	3.488E-5		
										5.369E+2	3.701E-5		
										5.372E+2	6.636E-5		
										5.376E+2	2.893E-5		
										5.379E+2	4.339E-5		
										5.383E+2	4.977E-5		
										5.386E+2	4.126E-5		
										5.390E+2	3.829E-5		
										5.393E+2	3.446E-5		
										5.397E+2	2.765E-5		
										5.400E+2	3.361E-5		
										5.404E+2	5.956E-5		
										5.407E+2	4.977E-5		
										5.411E+2	4.764E-5		
										5.414E+2	6.466E-5		
										5.418E+2	5.403E-5		
										5.421E+2	4.509E-5		
										5.425E+2	5.786E-5		
										5.428E+2	5.232E-5		
										5.432E+2	5.743E-5		
										5.435E+2	5.147E-5		
										5.438E+2	7.232E-5		
										5.442E+2	8.508E-5		
										5.445E+2	7.615E-5		
										5.449E+2	6.211E-5		
										5.452E+2	3.871E-5		
										5.456E+2	5.573E-5		
										5.459E+2	8.040E-5		
										5.463E+2	7.189E-5		
										5.466E+2	7.742E-5		
										5.470E+2	8.423E-5		
										5.473E+2	6.934E-5		
										5.477E+2	6.977E-5		
										5.480E+2	9.061E-5		
										5.483E+2	5.786E-5		
										5.487E+2	7.232E-5		
										5.490E+2	6.891E-5		
										5.494E+2	9.189E-5		
										5.497E+2	8.763E-5		
										5.501E+2	9.019E-5		
										5.504E+2	1.017E-4		
										5.508E+2	9.572E-5		
										5.511E+2	9.487E-5		
										5.515E+2	1.012E-4		
										5.518E+2	9.104E-5		
										5.522E+2	1.093E-4		
										5.525E+2	1.089E-4		
										5.528E+2	1.012E-4		
										5.532E+2	1.081E-4		
										5.535E+2	9.869E-5		
										5.539E+2	1.314E-4		
										5.542E+2	1.336E-4		
										5.546E+2	1.153E-4		
										5.549E+2	1.089E-4		
										5.553E+2	1.366E-4		
										5.556E+2	1.357E-4		
										5.560E+2	1.323E-4		
										5.563E+2	1.366E-4		
										5.566E+2	1.276E-4		
										5.570E+2	1.480E-4		
										5.573E+2	1.489E-4		
										5.577E+2	1.387E-4		
										5.580E+2	1.531E-4		
										5.584E+2	1.625E-4		
										5.587E+2	1.544E-4		
										5.590E+2	1.476E-4		
										5.594E+2	1.646E-4		
										5.597E+2	1.672E-4		
										5.601E+2	1.642E-4		
										5.604E+2	1.655E-4		
										5.608E+2	1.855E-4		
										5.611E+2	1.910E-4		
										5.615E+2	1.744E-4		
										5.618E+2	1.855E-4		
										5.622E+2	1.770E-4		
										5.625E+2	1.927E-4		
										5.628E+2	2.174E-4		
										5.632E+2	2.174E-4		
										5.635E+2	2.161E-4		
										5.639E+2	2.195E-4		
										5.642E+2	2.148E-4		
										5.646E+2	2.153E-4		
										5.649E+2	2.195E-4		
										5.652E+2	2.378E-4		
										5.656E+2	2.301E-4		
										5.659E+2	2.284E-4		
										5.663E+2	2.352E-4		
										5.666E+2	2.586E-4		
										5.670E+2	2.757E-4		
										5.673E+2	2.574E-4		
										5.677E+2	2.740E-4		
										5.680E+2	2.905E-4		
										5.683E+2	2.927E-4		
										5.687E+2	3.012E-4		
										5.690E+2	2.999E-4		
										5.694E+2	3.033E-4		
										5.697E+2	3.105E-4		
										5.701E+2	3.054E-4		
										5.704E+2	3.003E-4		
										5.708E+2	3.182E-4		
										5.711E+2	3.442E-4		
										5.714E+2	3.535E-4		
										5.718E+2	3.356E-4		
										5.721E+2	3.501E-4		
										5.725E+2	3.773E-4		
										5.728E+2	3.680E-4		
										5.732E+2	3.909E-4		
										5.735E+2	3.863E-4		
										5.738E+2	3.807E-4		
										5.742E+2	3.943E-4		
										5.745E+2	4.314E-4		
										5.749E+2	4.067E-4		
										5.752E+2	4.211E-4		
										5.756E+2	4.275E-4		
										5.759E+2	4.399E-4		
										5.762E+2	4.509E-4		
										5.766E+2	4.407E-4		
										5.769E+2	4.718E-4		
										5.773E+2	4.407E-4		
										5.776E+2	4.688E-4		
										5.780E+2	4.990E-4		
										5.783E+2	5.237E-4		
										5.786E+2	5.181E-4		
										5.790E+2	5.254E-4		
										5.793E+2	5.517E-4		
										5.797E+2	5.275E-4		
										5.800E+2	5.517E-4		
										5.803E+2	5.560E-4		
										5.807E+2	5.849E-4		
										5.810E+2	6.066E-4		
										5.814E+2	5.930E-4		
										5.817E+2	6.083E-4		
										5.821E+2	6.075E-4		
										5.824E+2	6.458E-4		
										5.828E+2	6.458E-4		
										5.831E+2	6.466E-4		
										5.834E+2	6.904E-4		
										5.838E+2	6.960E-4		
										5.841E+2	6.909E-4		
										5.845E+2	7.028E-4		
										5.848E+2	7.385E-4		
										5.851E+2	7.398E-4		
										5.855E+2	7.508E-4		
										5.858E+2	7.368E-4		
										5.862E+2	7.781E-4		
										5.865E+2	7.666E-4		
										5.868E+2	7.972E-4		
										5.872E+2	8.180E-4		
										5.875E+2	8.176E-4		
										5.879E+2	8.334E-4		
										5.882E+2	8.699E-4		
										5.885E+2	8.751E-4		
										5.889E+2	8.972E-4		
										5.892E+2	9.014E-4		
										5.896E+2	9.108E-4		
										5.899E+2	9.270E-4		
										5.903E+2	9.716E-4		
										5.906E+2	9.529E-4		
										5.909E+2	9.610E-4		
										5.913E+2	9.729E-4		
										5.916E+2	1.013E-3		
										5.920E+2	1.053E-3		
										5.923E+2	1.033E-3		
										5.926E+2	1.076E-3		
										5.930E+2	1.068E-3		
										5.933E+2	1.113E-3		
										5.937E+2	1.109E-3		
										5.940E+2	1.147E-3		
										5.943E+2	1.139E-3		
										5.947E+2	1.154E-3		
										5.950E+2	1.172E-3		
										5.954E+2	1.206E-3		
										5.957E+2	1.218E-3		
										5.960E+2	1.237E-3		
										5.964E+2	1.283E-3		
										5.967E+2	1.309E-3		
										5.971E+2	1.297E-3		
										5.974E+2	1.369E-3		
										5.978E+2	1.387E-3		
										5.981E+2	1.364E-3		
										5.984E+2	1.407E-3		
										5.988E+2	1.407E-3		
										5.991E+2	1.452E-3		
										5.995E+2	1.449E-3		
										5.998E+2	1.453E-3		
										6.001E+2	1.514E-3		
										6.005E+2	1.504E-3		
										6.008E+2	1.551E-3		
										6.012E+2	1.542E-3		
										6.015E+2	1.594E-3		
										6.018E+2	1.624E-3		
										6.022E+2	1.582E-3		
										6.025E+2	1.660E-3		
										6.028E+2	1.691E-3		
										6.032E+2	1.714E-3		
										6.035E+2	1.750E-3		
										6.039E+2	1.770E-3		
										6.042E+2	1.751E-3		
										6.045E+2	1.781E-3		
										6.049E+2	1.839E-3		
										6.052E+2	1.852E-3		
										6.056E+2	1.882E-3		
										6.059E+2	1.945E-3		
										6.062E+2	1.945E-3		
										6.066E+2	1.998E-3		
										6.069E+2	1.988E-3		
										6.072E+2	2.044E-3		
										6.076E+2	2.031E-3		
										6.079E+2	2.070E-3		
										6.083E+2	2.127E-3		
										6.086E+2	2.155E-3		
										6.090E+2	2.165E-3		
										6.093E+2	2.272E-3		
										6.096E+2	2.251E-3		
										6.100E+2	2.282E-3		
										6.103E+2	2.282E-3		
										6.106E+2	2.384E-3		
										6.110E+2	2.385E-3		
										6.113E+2	2.452E-3		
										6.117E+2	2.495E-3		
										6.120E+2	2.597E-3		
										6.123E+2	2.584E-3		
										6.127E+2	2.620E-3		
										6.130E+2	2.619E-3		
										6.133E+2	2.717E-3		
										6.137E+2	2.817E-3		
										6.140E+2	2.843E-3		
										6.144E+2	2.880E-3		
										6.147E+2	2.945E-3		
										6.150E+2	2.987E-3		
										6.154E+2	3.044E-3		
										6.157E+2	3.102E-3		
										6.160E+2	3.192E-3		
										6.164E+2	3.223E-3		
										6.167E+2	3.309E-3		
										6.171E+2	3.353E-3		
										6.174E+2	3.396E-3		
										6.177E+2	3.498E-3		
										6.181E+2	3.591E-3		
										6.184E+2	3.668E-3		
										6.188E+2	3.720E-3		
										6.191E+2	3.840E-3		
										6.194E+2	3.919E-3		
										6.198E+2	3.995E-3		
										6.201E+2	4.117E-3		
										6.204E+2	4.177E-3		
										6.208E+2	4.217E-3		
										6.211E+2	4.335E-3		
										6.215E+2	4.463E-3		
										6.218E+2	4.527E-3		
										6.221E+2	4.665E-3		
										6.225E+2	4.755E-3		
										6.228E+2	4.806E-3		
										6.231E+2	4.974E-3		
										6.235E+2	5.076E-3		
										6.238E+2	5.250E-3		
										6.241E+2	5.349E-3		
										6.245E+2	5.421E-3		
										6.248E+2	5.477E-3		
										6.252E+2	5.708E-3		
										6.255E+2	5.706E-3		
										6.258E+2	5.908E-3		
										6.262E+2	6.005E-3		
										6.265E+2	6.231E-3		
										6.268E+2	6.223E-3		
										6.272E+2	6.327E-3		
										6.275E+2	6.446E-3		
										6.278E+2	6.567E-3		
										6.282E+2	6.744E-3		
										6.285E+2	6.883E-3		
										6.288E+2	6.961E-3		
										6.292E+2	7.072E-3		
										6.295E+2	7.091E-3		
										6.299E+2	7.385E-3		
										6.302E+2	7.375E-3		
										6.305E+2	7.453E-3		
										6.309E+2	7.719E-3		
										6.312E+2	7.732E-3		
										6.315E+2	7.711E-3		
										6.319E+2	7.920E-3		
										6.322E+2	8.042E-3		
										6.325E+2	8.129E-3		
										6.329E+2	8.318E-3		
										6.332E+2	8.279E-3		
										6.335E+2	8.257E-3		
										6.339E+2	8.400E-3		
										6.342E+2	8.527E-3		
										6.345E+2	8.588E-3		
										6.349E+2	8.678E-3		
										6.352E+2	8.694E-3		
										6.356E+2	8.770E-3		
										6.359E+2	8.791E-3		
										6.362E+2	8.739E-3		
										6.366E+2	8.732E-3		
										6.369E+2	8.800E-3		
										6.372E+2	8.803E-3		
										6.376E+2	8.791E-3		
										6.379E+2	8.818E-3		
										6.382E+2	8.840E-3		
										6.386E+2	8.841E-3		
										6.389E+2	8.765E-3		
										6.392E+2	8.728E-3		
										6.396E+2	8.829E-3		
										6.399E+2	8.729E-3		
										6.402E+2	8.751E-3		
										6.406E+2	8.698E-3		
										6.409E+2	8.680E-3		
										6.412E+2	8.564E-3		
										6.416E+2	8.553E-3		
										6.419E+2	8.477E-3		
										6.422E+2	8.450E-3		
										6.426E+2	8.337E-3		
										6.429E+2	8.255E-3		
										6.433E+2	8.218E-3		
										6.436E+2	8.042E-3		
										6.439E+2	7.996E-3		
										6.443E+2	7.924E-3		
										6.446E+2	7.739E-3		
										6.449E+2	7.620E-3		
										6.453E+2	7.370E-3		
										6.456E+2	7.361E-3		
										6.459E+2	7.133E-3		
										6.463E+2	7.026E-3		
										6.466E+2	6.897E-3		
										6.469E+2	6.661E-3		
										6.473E+2	6.546E-3		
										6.476E+2	6.373E-3		
										6.479E+2	6.219E-3		
										6.483E+2	6.079E-3		
										6.486E+2	5.829E-3		
										6.489E+2	5.758E-3		
										6.493E+2	5.561E-3		
										6.496E+2	5.347E-3		
										6.499E+2	5.143E-3		
										6.503E+2	5.039E-3		
										6.506E+2	4.867E-3		
										6.509E+2	4.690E-3		
										6.513E+2	4.594E-3		
										6.516E+2	4.387E-3		
										6.519E+2	4.209E-3		
										6.523E+2	4.053E-3		
										6.526E+2	3.939E-3		
										6.529E+2	3.744E-3		
										6.533E+2	3.560E-3		
										6.536E+2	3.488E-3		
										6.539E+2	3.297E-3		
										6.543E+2	3.185E-3		
										6.546E+2	3.008E-3		
										6.549E+2	2.903E-3		
										6.553E+2	2.803E-3		
										6.556E+2	2.691E-3		
										6.559E+2	2.580E-3		
										6.562E+2	2.489E-3		
										6.566E+2	2.348E-3		
										6.569E+2	2.247E-3		
										6.572E+2	2.121E-3		
										6.576E+2	2.063E-3		
										6.579E+2	1.973E-3		
										6.582E+2	1.896E-3		
										6.586E+2	1.808E-3		
										6.589E+2	1.728E-3		
										6.592E+2	1.653E-3		
										6.596E+2	1.560E-3		
										6.599E+2	1.487E-3		
										6.602E+2	1.433E-3		
										6.606E+2	1.344E-3		
										6.609E+2	1.311E-3		
										6.612E+2	1.228E-3		
										6.616E+2	1.160E-3		
										6.619E+2	1.105E-3		
										6.622E+2	1.100E-3		
										6.626E+2	1.024E-3		
										6.629E+2	9.572E-4		
										6.632E+2	9.218E-4		
										6.635E+2	9.065E-4		
										6.639E+2	8.631E-4		
										6.642E+2	8.215E-4		
										6.645E+2	7.657E-4		
										6.649E+2	7.393E-4		
										6.652E+2	7.074E-4		
										6.655E+2	6.823E-4		
										6.659E+2	6.381E-4		
										6.662E+2	6.236E-4		
										6.665E+2	5.645E-4		
										6.669E+2	5.577E-4		
										6.672E+2	5.390E-4		
										6.675E+2	5.075E-4		
										6.679E+2	4.756E-4		
										6.682E+2	4.573E-4		
										6.685E+2	4.514E-4		
										6.688E+2	3.952E-4		
										6.692E+2	3.956E-4		
										6.695E+2	3.820E-4		
										6.698E+2	3.735E-4		
										6.702E+2	3.395E-4		
										6.705E+2	3.412E-4		
										6.708E+2	3.097E-4		
										6.712E+2	3.054E-4		
										6.715E+2	2.765E-4		
										6.718E+2	2.888E-4		
										6.722E+2	2.718E-4		
										6.725E+2	2.633E-4		
										6.728E+2	2.387E-4		
										6.732E+2	2.429E-4		
										6.735E+2	2.216E-4		
										6.738E+2	2.161E-4		
										6.741E+2	2.110E-4		
										6.745E+2	1.748E-4		
										6.748E+2	1.693E-4		
										6.751E+2	1.851E-4		
										6.755E+2	1.570E-4		
										6.758E+2	1.574E-4		
										6.761E+2	1.434E-4		
										6.764E+2	1.595E-4		
										6.768E+2	1.480E-4		
										6.771E+2	1.340E-4		
										6.774E+2	1.212E-4		
										6.778E+2	1.280E-4		
										6.781E+2	1.370E-4		
										6.784E+2	1.140E-4		
										6.788E+2	1.119E-4		
										6.791E+2	9.997E-5		
										6.794E+2	9.316E-5		
										6.797E+2	9.444E-5		
										6.801E+2	7.189E-5		
										6.804E+2	9.146E-5		
										6.807E+2	8.168E-5		
										6.810E+2	8.210E-5		
										6.814E+2	5.828E-5		
										6.817E+2	9.614E-5		
										6.820E+2	7.657E-5		
										6.824E+2	5.573E-5		
										6.827E+2	6.891E-5		
										6.830E+2	4.935E-5		
										6.834E+2	6.594E-5		
										6.837E+2	6.934E-5		
										6.840E+2	5.786E-5		
										6.843E+2	6.168E-5		
										6.847E+2	6.764E-5		
										6.850E+2	7.104E-5		
										6.853E+2	5.956E-5		
										6.857E+2	4.339E-5		
										6.860E+2	4.509E-5		
										6.863E+2	3.999E-5		
										6.866E+2	4.382E-5		
										6.870E+2	4.297E-5		
										6.873E+2	3.871E-5		
										6.876E+2	4.169E-5		
										6.880E+2	3.233E-5		
										6.883E+2	3.488E-5		
										6.886E+2	3.701E-5		
										6.889E+2	2.723E-5		
										6.893E+2	5.190E-5		
										6.896E+2	2.552E-5		
										6.899E+2	3.361E-5		
										6.902E+2	2.638E-5		
										6.906E+2	2.085E-5		
										6.909E+2	2.978E-5		
										6.912E+2	2.212E-5		
										6.916E+2	1.276E-5		
										6.919E+2	2.935E-5		
										6.922E+2	1.702E-5		
										6.925E+2	1.914E-5		
										6.929E+2	3.105E-5		
										6.932E+2	1.021E-5		
										6.935E+2	1.829E-5		
										6.938E+2	2.978E-5		
										6.942E+2	2.638E-5		
										6.945E+2	4.255E-6		
										6.948E+2	2.977E-6		
										6.952E+2	2.425E-5		
										6.955E+2	8.082E-6		
										6.958E+2	2.085E-5		
										6.961E+2	2.893E-5		
										6.965E+2	6.807E-6		
										6.968E+2	2.638E-5		
										6.971E+2	2.510E-5		
										6.975E+2	1.191E-5		
										6.978E+2	8.082E-6		
										6.981E+2	2.127E-6		
										6.984E+2	8.933E-6		
										6.988E+2	1.404E-5		
										6.991E+2	7.657E-6		
										6.994E+2	2.723E-5		
										6.997E+2	6.381E-6		
										7.001E+2	1.574E-5		
										7.004E+2	1.531E-5		
										7.007E+2	2.212E-5		
										7.010E+2	1.276E-6		
										7.014E+2	4.680E-6		
										7.017E+2	1.446E-5		
										7.020E+2	2.340E-5		
										7.023E+2	8.508E-6		
										7.027E+2	2.297E-5		
										7.030E+2	8.933E-6		
										7.033E+2	2.127E-6		
										7.037E+2	9.784E-6		
										7.040E+2	5.105E-6		
										7.043E+2	4.255E-6		
										7.046E+2	3.829E-6		
										7.050E+2	0.000E+0		
										7.053E+2	1.701E-6		
										7.056E+2	1.404E-5		
										7.059E+2	8.506E-7		
										7.062E+2	1.446E-5		
										7.066E+2	6.807E-6		
										7.069E+2	9.784E-6		
										7.072E+2	3.402E-6		
										7.075E+2	4.255E-6		
										7.079E+2	1.319E-5		
										7.082E+2	2.042E-5		
										7.085E+2	6.381E-6		
										7.088E+2	1.149E-5		
										7.092E+2	3.402E-6		
										7.095E+2	1.404E-5		
										7.098E+2	4.253E-7		
										7.102E+2	6.381E-6		
										7.105E+2	2.127E-6		
										7.108E+2	1.276E-5		
										7.111E+2	1.149E-5		
										7.115E+2	9.784E-6		
										7.118E+2	1.404E-5		
										7.121E+2	3.402E-6		
										7.124E+2	2.765E-5		
										7.128E+2	1.446E-5		
										7.131E+2	8.082E-6		
										7.134E+2	6.381E-6		
										7.137E+2	4.680E-6		
										7.140E+2	2.127E-6		
										7.144E+2	2.977E-6		
										7.147E+2	1.319E-5		
										7.150E+2	1.276E-6		
										7.153E+2	7.657E-6		
										7.157E+2	8.082E-6		
										7.160E+2	5.956E-6		
										7.163E+2	9.358E-6		
										7.166E+2	2.127E-6		
										7.170E+2	1.063E-5		
										7.173E+2	4.253E-7		
										7.176E+2	2.552E-6		
										7.179E+2	3.402E-6		
										7.183E+2	8.082E-6		
										7.186E+2	4.253E-7		
										7.189E+2	3.829E-6		
										7.192E+2	5.531E-6		
										7.195E+2	7.232E-6		
										7.199E+2	1.404E-5		
										7.202E+2	1.744E-5		
										7.205E+2	9.784E-6		
										7.208E+2	1.999E-5		
										7.212E+2	1.574E-5		
										7.215E+2	8.506E-7		
										7.218E+2	5.105E-6		
										7.221E+2	1.616E-5		
										7.225E+2	8.508E-6		
										7.228E+2	1.616E-5		
										7.231E+2	8.506E-7		
										7.234E+2	5.531E-6		
										7.238E+2	6.381E-6		
										7.241E+2	2.127E-6		
										7.244E+2	2.425E-5		
										7.247E+2	1.531E-5		
										7.250E+2	3.829E-6		
										7.254E+2	1.616E-5		
										7.257E+2	5.956E-6		
										7.260E+2	1.489E-5		
										7.263E+2	1.701E-6		
										7.267E+2	4.253E-7		
										7.270E+2	6.381E-6		
										7.273E+2	9.358E-6		
										7.276E+2	4.255E-6		
										7.280E+2	7.657E-6		
										7.283E+2	2.552E-6		
										7.286E+2	1.701E-6		
										7.289E+2	8.082E-6		
										7.292E+2	7.657E-6		
										7.296E+2	9.358E-6		
										7.299E+2	1.446E-5		
										7.302E+2	1.191E-5		
										7.305E+2	2.638E-5		
										7.308E+2	8.082E-6		
										7.312E+2	4.680E-6		
										7.315E+2	7.232E-6		
										7.318E+2	1.361E-5		
										7.321E+2	1.021E-5		
										7.325E+2	2.977E-6		
										7.328E+2	1.701E-6		
										7.331E+2	6.381E-6		
										7.334E+2	5.956E-6		
										7.337E+2	4.680E-6		
										7.341E+2	1.574E-5		
										7.344E+2	7.657E-6		
										7.347E+2	1.702E-5		
										7.350E+2	7.232E-6		
										7.353E+2	1.276E-6		
										7.357E+2	1.702E-5		
										7.360E+2	1.616E-5		
										7.363E+2	9.784E-6		
										7.366E+2	8.082E-6		
										7.370E+2	2.977E-6		
										7.373E+2	8.508E-6		
										7.376E+2	1.063E-5		
										7.379E+2	8.933E-6		
										7.382E+2	2.042E-5		
										7.386E+2	8.082E-6		
										7.389E+2	3.402E-6		
										7.392E+2	8.506E-7		
										7.395E+2	1.063E-5		
										7.398E+2	4.255E-6		
										7.402E+2	1.701E-6		
										7.405E+2	1.957E-5		
										7.408E+2	3.829E-6		
										7.411E+2	4.680E-6		
										7.415E+2	1.701E-6		
										7.418E+2	2.552E-6		
										7.421E+2	1.701E-6		
										7.424E+2	3.829E-6		
										7.427E+2	1.489E-5		
										7.430E+2	3.829E-6		
										7.434E+2	8.082E-6		
										7.437E+2	2.127E-6		
										7.440E+2	3.402E-6		
										7.443E+2	3.829E-6		
										7.447E+2	1.872E-5		
										7.450E+2	1.574E-5		
										7.453E+2	5.956E-6		
										7.456E+2	1.701E-6		
										7.459E+2	3.402E-6		
										7.462E+2	3.829E-6		
										7.466E+2	8.933E-6		
										7.469E+2	1.021E-5		
										7.472E+2	2.552E-6		
										7.475E+2	4.253E-7		
										7.478E+2	1.446E-5		
										7.482E+2	1.319E-5		
										7.485E+2	9.358E-6		
										7.488E+2	1.149E-5		
										7.491E+2	8.933E-6		
										7.494E+2	2.127E-6		
										7.498E+2	9.784E-6		
										7.501E+2	5.531E-6		
										7.504E+2	1.063E-5		
										7.507E+2	8.508E-6		
										7.510E+2	5.105E-6		
										7.513E+2	1.149E-5		
										7.517E+2	8.506E-7		
										7.520E+2	1.063E-5		
										7.523E+2	6.807E-6		
										7.526E+2	1.787E-5		
										7.530E+2	8.506E-7		
										7.533E+2	1.361E-5		
										7.536E+2	6.381E-6		
										7.539E+2	2.977E-6		
										7.542E+2	1.531E-5		
										7.545E+2	8.506E-7		
										7.549E+2	1.616E-5		
										7.552E+2	0.000E+0		
										7.555E+2	9.784E-6		
										7.558E+2	4.253E-7		
										7.561E+2	9.784E-6		
										7.565E+2	3.829E-6		
										7.568E+2	4.680E-6		
										7.571E+2	1.063E-5		
										7.574E+2	5.531E-6		
										7.577E+2	8.933E-6		
										7.580E+2	9.784E-6		
										7.584E+2	1.021E-5		
										7.587E+2	8.933E-6		
										7.590E+2	1.063E-5		
										7.593E+2	9.784E-6		
										7.596E+2	5.105E-6		
										7.600E+2	4.255E-6		
										7.603E+2	3.402E-6		
										7.606E+2	8.508E-6		
										7.609E+2	4.253E-7		
										7.612E+2	0.000E+0		
										7.615E+2	1.319E-5		
										7.618E+2	7.232E-6		
										7.622E+2	9.784E-6		
										7.625E+2	1.276E-5		
										7.628E+2	1.616E-5		
										7.631E+2	6.381E-6		
										7.634E+2	1.319E-5		
										7.638E+2	2.085E-5		
										7.641E+2	1.276E-5		
										7.644E+2	1.701E-6		
										7.647E+2	1.489E-5		
										7.650E+2	1.531E-5		
										7.653E+2	3.829E-6		
										7.657E+2	1.276E-6		
										7.660E+2	1.787E-5		
										7.663E+2	4.680E-6		
										7.666E+2	9.784E-6		
										7.669E+2	4.255E-6		
										7.672E+2	1.446E-5		
										7.675E+2	1.489E-5		
										7.679E+2	6.381E-6		
										7.682E+2	6.807E-6		
										7.685E+2	1.319E-5		
										7.688E+2	7.657E-6		
										7.691E+2	2.552E-6		
										7.695E+2	9.358E-6		
										7.698E+2	1.276E-6		
										7.701E+2	1.149E-5		
										7.704E+2	6.381E-6		
										7.707E+2	8.082E-6		
										7.710E+2	1.106E-5		
										7.713E+2	4.253E-7		
										7.717E+2	5.105E-6		
										7.720E+2	5.956E-6		
										7.723E+2	2.552E-6		
										7.726E+2	6.807E-6		
										7.729E+2	5.956E-6		
										7.732E+2	4.255E-6		
										7.736E+2	1.021E-5		
										7.739E+2	5.956E-6		
										7.742E+2	1.361E-5		
										7.745E+2	0.000E+0		
										7.748E+2	4.253E-7		
										7.751E+2	1.872E-5		
										7.755E+2	1.063E-5		
										7.758E+2	1.446E-5		
										7.761E+2	1.701E-6		
										7.764E+2	1.531E-5		
										7.767E+2	7.232E-6		
										7.770E+2	2.552E-6		
										7.773E+2	1.276E-6		
										7.777E+2	2.977E-6		
										7.780E+2	3.829E-6		
										7.783E+2	8.506E-7		
										7.786E+2	7.232E-6		
										7.789E+2	1.489E-5		
										7.792E+2	1.149E-5		
										7.795E+2	4.255E-6		
										7.799E+2	1.021E-5		
										7.802E+2	6.807E-6		
