Voltage(V)	Current(A)	PD Current(A)	J (mA/cm2)	L (cd/m2)	Cur Eff (cd/A)	Power Eff (lm/W)	EQE(%)	CIE X	CIE Y	Wav (nm)	Intensity (au)	NeV (V)	NeJ (mA/cm2))
-4.000E+0	6.147E-8	1.539E-9	1.537E-3	6.592E-2	4.290E+0	-3.368E+0	3.977E+0	6.916E-1	3.019E-1	3.801E+2	1.958E-5	-4.000E+0	
-3.760E+0	4.463E-8	1.336E-9	1.116E-3	5.724E-2	5.130E+0	-4.284E+0	4.756E+0			3.805E+2	1.224E-5		
-3.520E+0	3.749E-8	1.232E-9	9.373E-4	5.277E-2	5.630E+0	-5.022E+0	5.219E+0			3.809E+2	1.175E-5		
-3.280E+0	3.277E-8	1.714E-9	8.193E-4	7.343E-2	8.962E+0	-8.580E+0	8.308E+0			3.812E+2	1.028E-5		
-3.040E+0	2.928E-8	3.371E-10	7.320E-4	1.444E-2	1.973E+0	-2.037E+0	1.829E+0			3.816E+2	1.468E-5		
-2.800E+0	2.600E-8	1.511E-9	6.499E-4	6.472E-2	9.959E+0	-1.117E+1	9.232E+0			3.820E+2	1.077E-5		
-2.560E+0	2.323E-8	9.388E-10	5.807E-4	4.022E-2	6.926E+0	-8.495E+0	6.421E+0			3.823E+2	7.342E-6		
-2.320E+0	2.065E-8	1.039E-9	5.161E-4	4.451E-2	8.624E+0	-1.167E+1	7.994E+0			3.827E+2	4.406E-6		
-2.080E+0	1.821E-8	9.576E-10	4.551E-4	4.102E-2	9.013E+0	-1.361E+1	8.356E+0			3.830E+2	1.175E-5		
-1.840E+0	1.576E-8	9.972E-10	3.940E-4	4.272E-2	1.084E+1	-1.850E+1	1.005E+1			3.834E+2	1.909E-5		
-1.600E+0	1.360E-8	8.576E-10	3.400E-4	3.674E-2	1.081E+1	-2.121E+1	1.002E+1			3.838E+2	1.126E-5		
-1.360E+0	1.129E-8	1.065E-9	2.823E-4	4.562E-2	1.616E+1	-3.730E+1	1.498E+1			3.841E+2	3.425E-6		
-1.120E+0	9.042E-9	4.962E-10	2.260E-4	2.126E-2	9.404E+0	-2.636E+1	8.718E+0			3.845E+2	3.425E-6		
-8.800E-1	7.055E-9	8.796E-10	1.764E-4	3.768E-2	2.136E+1	-7.623E+1	1.980E+1			3.849E+2	1.028E-5		
-6.400E-1	5.079E-9	9.462E-10	1.270E-4	4.053E-2	3.192E+1	-1.566E+2	2.959E+1			3.852E+2	7.831E-6		
-4.000E-1	3.014E-9	1.194E-9	7.534E-5	5.114E-2	6.787E+1	-5.328E+2	6.292E+1			3.856E+2	3.915E-6		
-1.600E-1	9.792E-10	1.291E-9	2.448E-5	5.530E-2	2.259E+2	-4.434E+3	2.094E+2			3.860E+2	7.342E-6		
8.000E-2	1.012E-9	1.029E-9	2.529E-5	4.408E-2	1.743E+2	6.842E+3	1.616E+2			3.863E+2	8.321E-6		
3.200E-1	2.959E-9	9.851E-10	7.397E-5	4.220E-2	5.705E+1	5.598E+2	5.289E+1			3.867E+2	3.425E-6		
5.600E-1	4.895E-9	9.308E-10	1.224E-4	3.987E-2	3.258E+1	1.827E+2	3.021E+1			3.870E+2	4.406E-6		
8.000E-1	6.881E-9	1.323E-9	1.720E-4	5.668E-2	3.295E+1	1.293E+2	3.054E+1			3.874E+2	1.957E-6		
1.040E+0	8.833E-9	5.058E-11	2.208E-4	2.167E-3	9.812E-1	2.963E+0	9.096E-1			3.878E+2	9.787E-7		
1.280E+0	1.089E-8	9.301E-10	2.723E-4	3.984E-2	1.463E+1	3.590E+1	1.357E+1			3.881E+2	3.425E-6		
1.520E+0	1.448E-8	8.193E-10	3.620E-4	3.510E-2	9.696E+0	2.003E+1	8.988E+0			3.885E+2	1.419E-5		
1.760E+0	1.079E-7	1.459E-9	2.698E-3	6.249E-2	2.317E+0	4.133E+0	2.148E+0			3.889E+2	1.468E-6		
2.000E+0	5.265E-7	2.054E-9	1.316E-2	8.798E-2	6.684E-1	1.049E+0	6.196E-1			3.892E+2	2.252E-5		
2.240E+0	1.278E-6	4.513E-9	3.195E-2	1.933E-1	6.052E-1	8.483E-1	5.610E-1			3.896E+2	1.517E-5		
2.480E+0	2.352E-6	1.010E-8	5.880E-2	4.327E-1	7.359E-1	9.317E-1	6.822E-1			3.900E+2	4.893E-7		
2.720E+0	3.804E-6	1.456E-8	9.511E-2	6.235E-1	6.556E-1	7.568E-1	6.078E-1			3.903E+2	1.468E-6		
2.960E+0	5.705E-6	2.403E-8	1.426E-1	1.029E+0	7.218E-1	7.656E-1	6.691E-1			3.907E+2	7.831E-6		
3.200E+0	8.120E-6	3.606E-8	2.030E-1	1.545E+0	7.609E-1	7.466E-1	7.054E-1			3.911E+2	1.566E-5		
3.440E+0	1.114E-5	5.650E-8	2.784E-1	2.421E+0	8.693E-1	7.935E-1	8.059E-1			3.914E+2	9.787E-7		
3.680E+0	1.484E-5	7.583E-8	3.711E-1	3.249E+0	8.754E-1	7.469E-1	8.115E-1			3.918E+2	2.349E-5		
3.920E+0	1.933E-5	9.139E-8	4.832E-1	3.915E+0	8.102E-1	6.489E-1	7.510E-1			3.921E+2	6.363E-6		
4.160E+0	2.470E-5	1.360E-7	6.176E-1	5.825E+0	9.431E-1	7.119E-1	8.743E-1			3.925E+2	1.468E-6		
4.400E+0	3.110E-5	1.706E-7	7.775E-1	7.309E+0	9.401E-1	6.709E-1	8.715E-1			3.929E+2	1.762E-5		
4.640E+0	3.863E-5	2.189E-7	9.657E-1	9.376E+0	9.710E-1	6.571E-1	9.001E-1			3.932E+2	2.936E-6		
4.880E+0	4.744E-5	2.773E-7	1.186E+0	1.188E+1	1.002E+0	6.446E-1	9.287E-1			3.936E+2	2.252E-5		
5.120E+0	5.769E-5	3.463E-7	1.442E+0	1.484E+1	1.029E+0	6.308E-1	9.536E-1			3.940E+2	4.895E-6		
5.360E+0	6.952E-5	4.307E-7	1.738E+0	1.845E+1	1.062E+0	6.220E-1	9.842E-1			3.943E+2	2.056E-5		
5.600E+0	8.313E-5	5.269E-7	2.078E+0	2.257E+1	1.086E+0	6.091E-1	1.007E+0			3.947E+2	1.468E-5		
5.840E+0	9.873E-5	6.406E-7	2.468E+0	2.744E+1	1.112E+0	5.978E-1	1.031E+0			3.950E+2	2.447E-6		
6.080E+0	1.165E-4	7.733E-7	2.912E+0	3.313E+1	1.138E+0	5.875E-1	1.055E+0			3.954E+2	1.468E-6		
6.320E+0	1.366E-4	9.258E-7	3.416E+0	3.966E+1	1.161E+0	5.769E-1	1.076E+0			3.958E+2	1.468E-6		
6.560E+0	1.595E-4	1.103E-6	3.987E+0	4.723E+1	1.185E+0	5.671E-1	1.098E+0			3.961E+2	8.810E-6		
6.800E+0	1.852E-4	1.307E-6	4.630E+0	5.601E+1	1.210E+0	5.586E-1	1.121E+0			3.965E+2	1.175E-5		
7.040E+0	2.142E-4	1.533E-6	5.354E+0	6.568E+1	1.227E+0	5.472E-1	1.137E+0			3.969E+2	1.077E-5		
7.280E+0	2.467E-4	1.793E-6	6.169E+0	7.679E+1	1.245E+0	5.369E-1	1.154E+0			3.972E+2	2.692E-5		
7.520E+0	2.832E-4	2.087E-6	7.080E+0	8.939E+1	1.262E+0	5.271E-1	1.170E+0			3.976E+2	6.363E-6		
7.760E+0	3.240E-4	2.415E-6	8.101E+0	1.034E+2	1.277E+0	5.167E-1	1.184E+0			3.980E+2	1.517E-5		
8.000E+0	3.697E-4	2.781E-6	9.242E+0	1.191E+2	1.289E+0	5.060E-1	1.195E+0			3.983E+2	1.077E-5		
										3.987E+2	4.406E-6		
										3.990E+2	5.874E-6		
										3.994E+2	7.342E-6		
										3.998E+2	1.957E-6		
										4.001E+2	1.175E-5		
										4.005E+2	8.321E-6		
										4.009E+2	6.853E-6		
										4.012E+2	4.895E-6		
										4.016E+2	2.105E-5		
										4.020E+2	9.300E-6		
										4.023E+2	3.425E-6		
										4.027E+2	1.909E-5		
										4.030E+2	0.000E+0		
										4.034E+2	1.028E-5		
										4.038E+2	1.517E-5		
										4.041E+2	2.252E-5		
										4.045E+2	1.860E-5		
										4.049E+2	4.893E-7		
										4.052E+2	9.300E-6		
										4.056E+2	4.406E-6		
										4.059E+2	1.224E-5		
										4.063E+2	8.810E-6		
										4.067E+2	1.468E-6		
										4.070E+2	4.895E-6		
										4.074E+2	9.787E-7		
										4.077E+2	2.105E-5		
										4.081E+2	7.831E-6		
										4.085E+2	9.300E-6		
										4.088E+2	7.342E-6		
										4.092E+2	0.000E+0		
										4.095E+2	7.831E-6		
										4.099E+2	7.831E-6		
										4.103E+2	3.915E-6		
										4.106E+2	0.000E+0		
										4.110E+2	3.915E-6		
										4.114E+2	1.517E-5		
										4.117E+2	3.425E-6		
										4.121E+2	1.126E-5		
										4.125E+2	2.936E-6		
										4.128E+2	7.831E-6		
										4.132E+2	1.713E-5		
										4.135E+2	2.741E-5		
										4.139E+2	0.000E+0		
										4.142E+2	3.279E-5		
										4.146E+2	3.425E-6		
										4.150E+2	9.787E-7		
										4.153E+2	9.787E-7		
										4.157E+2	7.342E-6		
										4.161E+2	1.566E-5		
										4.164E+2	0.000E+0		
										4.168E+2	3.573E-5		
										4.171E+2	2.936E-6		
										4.175E+2	5.874E-6		
										4.179E+2	9.787E-7		
										4.182E+2	6.853E-6		
										4.186E+2	6.853E-6		
										4.189E+2	1.224E-5		
										4.193E+2	2.301E-5		
										4.197E+2	1.762E-5		
										4.200E+2	1.175E-5		
										4.204E+2	1.175E-5		
										4.208E+2	6.853E-6		
										4.211E+2	4.893E-7		
										4.215E+2	9.787E-7		
										4.218E+2	1.126E-5		
										4.222E+2	4.406E-6		
										4.225E+2	7.342E-6		
										4.229E+2	1.224E-5		
										4.233E+2	1.615E-5		
										4.236E+2	4.895E-6		
										4.240E+2	1.371E-5		
										4.244E+2	6.363E-6		
										4.247E+2	1.713E-5		
										4.251E+2	2.447E-6		
										4.254E+2	1.224E-5		
										4.258E+2	8.321E-6		
										4.261E+2	1.957E-6		
										4.265E+2	1.322E-5		
										4.269E+2	4.895E-6		
										4.272E+2	9.787E-7		
										4.276E+2	1.957E-6		
										4.280E+2	1.615E-5		
										4.283E+2	1.175E-5		
										4.287E+2	3.915E-6		
										4.290E+2	1.811E-5		
										4.294E+2	1.468E-5		
										4.298E+2	3.133E-5		
										4.301E+2	1.419E-5		
										4.305E+2	6.853E-6		
										4.308E+2	4.895E-6		
										4.312E+2	4.406E-6		
										4.315E+2	1.566E-5		
										4.319E+2	1.028E-5		
										4.323E+2	1.126E-5		
										4.326E+2	7.342E-6		
										4.330E+2	1.224E-5		
										4.333E+2	2.203E-5		
										4.337E+2	7.831E-6		
										4.341E+2	2.545E-5		
										4.344E+2	1.468E-6		
										4.348E+2	4.893E-7		
										4.351E+2	2.447E-6		
										4.355E+2	1.028E-5		
										4.359E+2	8.810E-6		
										4.362E+2	4.895E-6		
										4.366E+2	1.566E-5		
										4.369E+2	2.936E-6		
										4.373E+2	9.300E-6		
										4.376E+2	1.028E-5		
										4.380E+2	1.713E-5		
										4.384E+2	1.517E-5		
										4.387E+2	9.787E-7		
										4.391E+2	5.385E-6		
										4.394E+2	4.895E-6		
										4.398E+2	6.853E-6		
										4.402E+2	6.363E-6		
										4.405E+2	1.126E-5		
										4.409E+2	1.028E-5		
										4.412E+2	9.789E-6		
										4.416E+2	2.154E-5		
										4.420E+2	2.301E-5		
										4.423E+2	2.349E-5		
										4.427E+2	2.252E-5		
										4.430E+2	1.958E-5		
										4.434E+2	1.371E-5		
										4.437E+2	7.342E-6		
										4.441E+2	3.084E-5		
										4.445E+2	1.028E-5		
										4.448E+2	1.566E-5		
										4.452E+2	2.790E-5		
										4.455E+2	1.615E-5		
										4.459E+2	4.406E-6		
										4.462E+2	2.007E-5		
										4.466E+2	2.447E-5		
										4.470E+2	3.965E-5		
										4.473E+2	2.252E-5		
										4.477E+2	1.713E-5		
										4.480E+2	2.252E-5		
										4.484E+2	3.328E-5		
										4.488E+2	4.258E-5		
										4.491E+2	3.035E-5		
										4.495E+2	3.035E-5		
										4.498E+2	4.748E-5		
										4.502E+2	3.524E-5		
										4.505E+2	3.818E-5		
										4.509E+2	1.175E-5		
										4.512E+2	3.475E-5		
										4.516E+2	2.839E-5		
										4.520E+2	2.594E-5		
										4.523E+2	3.818E-5		
										4.527E+2	7.831E-6		
										4.530E+2	2.692E-5		
										4.534E+2	2.447E-5		
										4.538E+2	2.007E-5		
										4.541E+2	3.475E-5		
										4.545E+2	1.468E-5		
										4.548E+2	3.133E-5		
										4.552E+2	3.475E-5		
										4.555E+2	1.517E-5		
										4.559E+2	2.496E-5		
										4.562E+2	3.279E-5		
										4.566E+2	3.867E-5		
										4.570E+2	2.692E-5		
										4.573E+2	1.126E-5		
										4.577E+2	1.713E-5		
										4.580E+2	3.573E-5		
										4.584E+2	1.811E-5		
										4.588E+2	4.699E-5		
										4.591E+2	2.643E-5		
										4.595E+2	1.419E-5		
										4.598E+2	1.664E-5		
										4.602E+2	1.909E-5		
										4.605E+2	3.377E-5		
										4.609E+2	9.789E-6		
										4.612E+2	7.342E-6		
										4.616E+2	1.273E-5		
										4.620E+2	2.056E-5		
										4.623E+2	3.084E-5		
										4.627E+2	9.789E-6		
										4.630E+2	2.203E-5		
										4.634E+2	1.811E-5		
										4.637E+2	3.915E-6		
										4.641E+2	2.839E-5		
										4.645E+2	4.895E-6		
										4.648E+2	1.909E-5		
										4.652E+2	2.398E-5		
										4.655E+2	3.328E-5		
										4.659E+2	1.468E-5		
										4.662E+2	2.056E-5		
										4.666E+2	2.007E-5		
										4.669E+2	2.937E-5		
										4.673E+2	4.895E-6		
										4.676E+2	1.909E-5		
										4.680E+2	1.468E-6		
										4.684E+2	2.643E-5		
										4.687E+2	1.028E-5		
										4.691E+2	3.622E-5		
										4.694E+2	2.447E-5		
										4.698E+2	2.888E-5		
										4.701E+2	1.860E-5		
										4.705E+2	1.126E-5		
										4.709E+2	9.787E-7		
										4.712E+2	1.272E-5		
										4.716E+2	1.615E-5		
										4.719E+2	3.573E-5		
										4.723E+2	2.447E-5		
										4.726E+2	2.203E-5		
										4.730E+2	1.958E-5		
										4.733E+2	2.545E-5		
										4.737E+2	1.958E-5		
										4.740E+2	1.371E-5		
										4.744E+2	1.322E-5		
										4.748E+2	6.363E-6		
										4.751E+2	1.371E-5		
										4.755E+2	2.790E-5		
										4.758E+2	1.957E-6		
										4.762E+2	7.342E-6		
										4.765E+2	1.419E-5		
										4.769E+2	1.371E-5		
										4.772E+2	1.224E-5		
										4.776E+2	4.893E-7		
										4.779E+2	6.363E-6		
										4.783E+2	2.105E-5		
										4.786E+2	2.154E-5		
										4.790E+2	1.175E-5		
										4.794E+2	3.182E-5		
										4.797E+2	9.789E-6		
										4.801E+2	1.419E-5		
										4.804E+2	7.342E-6		
										4.808E+2	1.566E-5		
										4.811E+2	1.517E-5		
										4.815E+2	2.594E-5		
										4.818E+2	1.126E-5		
										4.822E+2	2.643E-5		
										4.825E+2	1.077E-5		
										4.829E+2	2.936E-6		
										4.832E+2	1.126E-5		
										4.836E+2	9.789E-6		
										4.840E+2	2.447E-5		
										4.843E+2	2.496E-5		
										4.847E+2	1.028E-5		
										4.850E+2	2.936E-6		
										4.854E+2	4.748E-5		
										4.857E+2	1.909E-5		
										4.861E+2	5.874E-6		
										4.864E+2	2.056E-5		
										4.868E+2	1.566E-5		
										4.871E+2	1.664E-5		
										4.875E+2	3.182E-5		
										4.878E+2	3.328E-5		
										4.882E+2	4.895E-6		
										4.885E+2	4.893E-7		
										4.889E+2	2.398E-5		
										4.893E+2	4.893E-7		
										4.896E+2	3.915E-6		
										4.900E+2	1.860E-5		
										4.903E+2	1.273E-5		
										4.907E+2	3.133E-5		
										4.910E+2	1.566E-5		
										4.914E+2	1.322E-5		
										4.917E+2	3.084E-5		
										4.921E+2	1.762E-5		
										4.924E+2	2.839E-5		
										4.928E+2	6.363E-6		
										4.931E+2	2.398E-5		
										4.935E+2	3.425E-6		
										4.938E+2	2.447E-6		
										4.942E+2	3.182E-5		
										4.945E+2	2.398E-5		
										4.949E+2	3.133E-5		
										4.952E+2	2.643E-5		
										4.956E+2	5.041E-5		
										4.960E+2	2.301E-5		
										4.963E+2	1.272E-5		
										4.967E+2	2.203E-5		
										4.970E+2	1.860E-5		
										4.974E+2	1.909E-5		
										4.977E+2	1.077E-5		
										4.981E+2	2.888E-5		
										4.984E+2	3.524E-5		
										4.988E+2	1.322E-5		
										4.991E+2	1.224E-5		
										4.995E+2	1.957E-6		
										4.998E+2	1.272E-5		
										5.002E+2	2.741E-5		
										5.005E+2	2.154E-5		
										5.009E+2	3.524E-5		
										5.012E+2	3.475E-5		
										5.016E+2	4.944E-5		
										5.019E+2	1.664E-5		
										5.023E+2	5.433E-5		
										5.026E+2	2.105E-5		
										5.030E+2	1.909E-5		
										5.034E+2	1.468E-5		
										5.037E+2	3.279E-5		
										5.040E+2	3.720E-5		
										5.044E+2	4.258E-5		
										5.048E+2	1.958E-5		
										5.051E+2	4.258E-5		
										5.055E+2	2.496E-5		
										5.058E+2	4.209E-5		
										5.062E+2	1.957E-6		
										5.065E+2	9.789E-6		
										5.069E+2	4.748E-5		
										5.072E+2	4.063E-5		
										5.076E+2	2.398E-5		
										5.079E+2	2.888E-5		
										5.083E+2	4.503E-5		
										5.086E+2	3.426E-5		
										5.090E+2	3.965E-5		
										5.093E+2	2.986E-5		
										5.097E+2	4.014E-5		
										5.100E+2	4.406E-6		
										5.104E+2	2.839E-5		
										5.107E+2	3.377E-5		
										5.111E+2	4.552E-5		
										5.114E+2	4.699E-5		
										5.118E+2	3.573E-5		
										5.121E+2	3.867E-5		
										5.125E+2	3.622E-5		
										5.128E+2	4.063E-5		
										5.132E+2	4.650E-5		
										5.135E+2	2.741E-5		
										5.139E+2	3.279E-5		
										5.142E+2	2.643E-5		
										5.146E+2	2.007E-5		
										5.149E+2	3.720E-5		
										5.153E+2	5.384E-5		
										5.156E+2	3.769E-5		
										5.160E+2	3.769E-5		
										5.163E+2	2.301E-5		
										5.167E+2	3.377E-5		
										5.170E+2	2.301E-5		
										5.174E+2	3.916E-5		
										5.177E+2	1.811E-5		
										5.181E+2	1.224E-5		
										5.184E+2	3.720E-5		
										5.188E+2	4.356E-5		
										5.191E+2	2.203E-5		
										5.195E+2	5.335E-5		
										5.198E+2	3.720E-5		
										5.202E+2	2.203E-5		
										5.205E+2	3.916E-5		
										5.209E+2	4.209E-5		
										5.212E+2	4.356E-5		
										5.216E+2	1.566E-5		
										5.219E+2	2.154E-5		
										5.223E+2	2.496E-5		
										5.226E+2	4.699E-5		
										5.230E+2	6.657E-5		
										5.233E+2	3.230E-5		
										5.237E+2	3.377E-5		
										5.240E+2	3.133E-5		
										5.244E+2	2.839E-5		
										5.247E+2	2.545E-5		
										5.251E+2	2.839E-5		
										5.254E+2	1.371E-5		
										5.258E+2	4.650E-5		
										5.261E+2	2.203E-5		
										5.265E+2	5.433E-5		
										5.268E+2	4.503E-5		
										5.272E+2	4.748E-5		
										5.275E+2	5.139E-5		
										5.278E+2	4.454E-5		
										5.282E+2	3.916E-5		
										5.285E+2	4.601E-5		
										5.289E+2	2.496E-5		
										5.292E+2	4.650E-5		
										5.296E+2	4.405E-5		
										5.299E+2	5.090E-5		
										5.303E+2	3.182E-5		
										5.306E+2	3.965E-5		
										5.310E+2	1.664E-5		
										5.313E+2	4.895E-5		
										5.317E+2	6.901E-5		
										5.320E+2	4.063E-5		
										5.324E+2	4.405E-5		
										5.327E+2	1.517E-5		
										5.331E+2	3.182E-5		
										5.334E+2	5.531E-5		
										5.338E+2	3.622E-5		
										5.341E+2	4.454E-5		
										5.345E+2	4.454E-5		
										5.348E+2	2.790E-5		
										5.352E+2	1.762E-5		
										5.355E+2	2.398E-5		
										5.358E+2	4.846E-5		
										5.362E+2	5.286E-5		
										5.365E+2	4.699E-5		
										5.369E+2	2.056E-5		
										5.372E+2	4.160E-5		
										5.376E+2	2.888E-5		
										5.379E+2	4.993E-5		
										5.383E+2	1.566E-5		
										5.386E+2	2.594E-5		
										5.390E+2	4.699E-5		
										5.393E+2	2.496E-5		
										5.397E+2	5.629E-5		
										5.400E+2	4.797E-5		
										5.404E+2	2.692E-5		
										5.407E+2	3.524E-5		
										5.411E+2	6.020E-5		
										5.414E+2	4.307E-5		
										5.418E+2	6.118E-5		
										5.421E+2	3.867E-5		
										5.425E+2	2.692E-5		
										5.428E+2	4.356E-5		
										5.432E+2	4.503E-5		
										5.435E+2	3.475E-5		
										5.438E+2	6.265E-5		
										5.442E+2	4.209E-5		
										5.445E+2	1.958E-5		
										5.449E+2	4.748E-5		
										5.452E+2	3.818E-5		
										5.456E+2	3.622E-5		
										5.459E+2	4.503E-5		
										5.463E+2	4.063E-5		
										5.466E+2	3.426E-5		
										5.470E+2	3.426E-5		
										5.473E+2	3.867E-5		
										5.477E+2	2.545E-5		
										5.480E+2	5.090E-5		
										5.483E+2	4.063E-5		
										5.487E+2	3.622E-5		
										5.490E+2	3.573E-5		
										5.494E+2	3.622E-5		
										5.497E+2	1.811E-5		
										5.501E+2	4.160E-5		
										5.504E+2	4.307E-5		
										5.508E+2	1.517E-5		
										5.511E+2	4.209E-5		
										5.515E+2	4.846E-5		
										5.518E+2	2.986E-5		
										5.522E+2	3.475E-5		
										5.525E+2	1.762E-5		
										5.528E+2	4.356E-5		
										5.532E+2	2.252E-5		
										5.535E+2	2.447E-5		
										5.539E+2	5.922E-5		
										5.542E+2	5.580E-5		
										5.546E+2	1.468E-5		
										5.549E+2	1.958E-5		
										5.553E+2	3.867E-5		
										5.556E+2	2.007E-5		
										5.560E+2	2.741E-5		
										5.563E+2	2.203E-5		
										5.566E+2	9.789E-6		
										5.570E+2	3.818E-5		
										5.573E+2	2.545E-5		
										5.577E+2	2.203E-5		
										5.580E+2	2.154E-5		
										5.584E+2	4.111E-5		
										5.587E+2	6.853E-6		
										5.590E+2	2.692E-5		
										5.594E+2	2.056E-5		
										5.597E+2	2.643E-5		
										5.601E+2	6.853E-6		
										5.604E+2	3.524E-5		
										5.608E+2	2.203E-5		
										5.611E+2	2.349E-5		
										5.615E+2	1.958E-5		
										5.618E+2	1.419E-5		
										5.622E+2	3.622E-5		
										5.625E+2	6.853E-6		
										5.628E+2	3.377E-5		
										5.632E+2	2.692E-5		
										5.635E+2	3.769E-5		
										5.639E+2	2.105E-5		
										5.642E+2	1.713E-5		
										5.646E+2	2.398E-5		
										5.649E+2	7.831E-6		
										5.652E+2	1.371E-5		
										5.656E+2	1.272E-5		
										5.659E+2	2.741E-5		
										5.663E+2	2.545E-5		
										5.666E+2	3.133E-5		
										5.670E+2	2.252E-5		
										5.673E+2	2.545E-5		
										5.677E+2	1.860E-5		
										5.680E+2	2.790E-5		
										5.683E+2	2.692E-5		
										5.687E+2	2.447E-5		
										5.690E+2	2.692E-5		
										5.694E+2	1.224E-5		
										5.697E+2	1.517E-5		
										5.701E+2	1.028E-5		
										5.704E+2	1.126E-5		
										5.708E+2	1.517E-5		
										5.711E+2	1.566E-5		
										5.714E+2	1.272E-5		
										5.718E+2	2.105E-5		
										5.721E+2	1.468E-5		
										5.725E+2	5.874E-6		
										5.728E+2	9.300E-6		
										5.732E+2	3.425E-6		
										5.735E+2	8.810E-6		
										5.738E+2	1.419E-5		
										5.742E+2	6.363E-6		
										5.745E+2	2.447E-6		
										5.749E+2	9.789E-6		
										5.752E+2	1.126E-5		
										5.756E+2	4.895E-6		
										5.759E+2	2.447E-6		
										5.762E+2	1.175E-5		
										5.766E+2	1.322E-5		
										5.769E+2	1.762E-5		
										5.773E+2	5.874E-6		
										5.776E+2	2.154E-5		
										5.780E+2	2.447E-6		
										5.783E+2	4.406E-6		
										5.786E+2	2.692E-5		
										5.790E+2	3.084E-5		
										5.793E+2	1.713E-5		
										5.797E+2	3.475E-5		
										5.800E+2	3.133E-5		
										5.803E+2	6.853E-6		
										5.807E+2	7.831E-6		
										5.810E+2	5.385E-6		
										5.814E+2	3.279E-5		
										5.817E+2	3.769E-5		
										5.821E+2	4.111E-5		
										5.824E+2	4.601E-5		
										5.828E+2	2.594E-5		
										5.831E+2	5.922E-5		
										5.834E+2	7.782E-5		
										5.838E+2	4.503E-5		
										5.841E+2	5.727E-5		
										5.845E+2	6.999E-5		
										5.848E+2	5.678E-5		
										5.851E+2	5.286E-5		
										5.855E+2	6.559E-5		
										5.858E+2	5.678E-5		
										5.862E+2	8.125E-5		
										5.865E+2	6.657E-5		
										5.868E+2	9.202E-5		
										5.872E+2	8.761E-5		
										5.875E+2	1.101E-4		
										5.879E+2	1.038E-4		
										5.882E+2	9.691E-5		
										5.885E+2	1.140E-4		
										5.889E+2	9.495E-5		
										5.892E+2	8.810E-5		
										5.896E+2	8.614E-5		
										5.899E+2	1.136E-4		
										5.903E+2	1.317E-4		
										5.906E+2	1.268E-4		
										5.909E+2	1.459E-4		
										5.913E+2	1.424E-4		
										5.916E+2	1.410E-4		
										5.920E+2	1.615E-4		
										5.923E+2	1.757E-4		
										5.926E+2	1.429E-4		
										5.930E+2	2.056E-4		
										5.933E+2	1.757E-4		
										5.937E+2	1.982E-4		
										5.940E+2	2.100E-4		
										5.943E+2	1.938E-4		
										5.947E+2	2.276E-4		
										5.950E+2	2.408E-4		
										5.954E+2	2.540E-4		
										5.957E+2	2.447E-4		
										5.960E+2	2.858E-4		
										5.964E+2	2.809E-4		
										5.967E+2	3.299E-4		
										5.971E+2	3.162E-4		
										5.974E+2	2.912E-4		
										5.978E+2	3.333E-4		
										5.981E+2	3.593E-4		
										5.984E+2	3.612E-4		
										5.988E+2	3.583E-4		
										5.991E+2	4.048E-4		
										5.995E+2	4.557E-4		
										5.998E+2	4.483E-4		
										6.001E+2	4.562E-4		
										6.005E+2	4.625E-4		
										6.008E+2	5.247E-4		
										6.012E+2	4.890E-4		
										6.015E+2	5.291E-4		
										6.018E+2	5.384E-4		
										6.022E+2	5.888E-4		
										6.025E+2	6.059E-4		
										6.028E+2	6.402E-4		
										6.032E+2	6.862E-4		
										6.035E+2	7.264E-4		
										6.039E+2	7.523E-4		
										6.042E+2	7.782E-4		
										6.045E+2	8.154E-4		
										6.049E+2	8.889E-4		
										6.052E+2	9.045E-4		
										6.056E+2	9.559E-4		
										6.059E+2	9.608E-4		
										6.062E+2	1.033E-3		
										6.066E+2	1.068E-3		
										6.069E+2	1.116E-3		
										6.072E+2	1.178E-3		
										6.076E+2	1.246E-3		
										6.079E+2	1.285E-3		
										6.083E+2	1.342E-3		
										6.086E+2	1.427E-3		
										6.090E+2	1.512E-3		
										6.093E+2	1.568E-3		
										6.096E+2	1.658E-3		
										6.100E+2	1.775E-3		
										6.103E+2	1.822E-3		
										6.106E+2	1.908E-3		
										6.110E+2	2.011E-3		
										6.113E+2	2.069E-3		
										6.117E+2	2.173E-3		
										6.120E+2	2.282E-3		
										6.123E+2	2.403E-3		
										6.127E+2	2.528E-3		
										6.130E+2	2.649E-3		
										6.133E+2	2.753E-3		
										6.137E+2	2.941E-3		
										6.140E+2	3.010E-3		
										6.144E+2	3.161E-3		
										6.147E+2	3.302E-3		
										6.150E+2	3.532E-3		
										6.154E+2	3.669E-3		
										6.157E+2	3.791E-3		
										6.160E+2	3.983E-3		
										6.164E+2	4.148E-3		
										6.167E+2	4.283E-3		
										6.171E+2	4.482E-3		
										6.174E+2	4.627E-3		
										6.177E+2	4.857E-3		
										6.181E+2	5.091E-3		
										6.184E+2	5.259E-3		
										6.188E+2	5.404E-3		
										6.191E+2	5.656E-3		
										6.194E+2	5.847E-3		
										6.198E+2	6.124E-3		
										6.201E+2	6.277E-3		
										6.204E+2	6.492E-3		
										6.208E+2	6.680E-3		
										6.211E+2	6.913E-3		
										6.215E+2	7.111E-3		
										6.218E+2	7.271E-3		
										6.221E+2	7.633E-3		
										6.225E+2	7.771E-3		
										6.228E+2	7.939E-3		
										6.231E+2	8.071E-3		
										6.235E+2	8.416E-3		
										6.238E+2	8.615E-3		
										6.241E+2	8.846E-3		
										6.245E+2	9.021E-3		
										6.248E+2	9.166E-3		
										6.252E+2	9.360E-3		
										6.255E+2	9.492E-3		
										6.258E+2	9.739E-3		
										6.262E+2	9.814E-3		
										6.265E+2	1.005E-2		
										6.268E+2	1.009E-2		
										6.272E+2	1.021E-2		
										6.275E+2	1.035E-2		
										6.278E+2	1.053E-2		
										6.282E+2	1.059E-2		
										6.285E+2	1.069E-2		
										6.288E+2	1.070E-2		
										6.292E+2	1.072E-2		
										6.295E+2	1.083E-2		
										6.299E+2	1.086E-2		
										6.302E+2	1.090E-2		
										6.305E+2	1.095E-2		
										6.309E+2	1.096E-2		
										6.312E+2	1.095E-2		
										6.315E+2	1.109E-2		
										6.319E+2	1.101E-2		
										6.322E+2	1.097E-2		
										6.325E+2	1.095E-2		
										6.329E+2	1.098E-2		
										6.332E+2	1.093E-2		
										6.335E+2	1.080E-2		
										6.339E+2	1.084E-2		
										6.342E+2	1.083E-2		
										6.345E+2	1.065E-2		
										6.349E+2	1.059E-2		
										6.352E+2	1.053E-2		
										6.356E+2	1.039E-2		
										6.359E+2	1.037E-2		
										6.362E+2	1.023E-2		
										6.366E+2	1.010E-2		
										6.369E+2	9.939E-3		
										6.372E+2	9.819E-3		
										6.376E+2	9.747E-3		
										6.379E+2	9.517E-3		
										6.382E+2	9.283E-3		
										6.386E+2	9.145E-3		
										6.389E+2	8.918E-3		
										6.392E+2	8.818E-3		
										6.396E+2	8.668E-3		
										6.399E+2	8.320E-3		
										6.402E+2	8.200E-3		
										6.406E+2	7.954E-3		
										6.409E+2	7.805E-3		
										6.412E+2	7.647E-3		
										6.416E+2	7.374E-3		
										6.419E+2	7.192E-3		
										6.422E+2	6.970E-3		
										6.426E+2	6.826E-3		
										6.429E+2	6.617E-3		
										6.433E+2	6.361E-3		
										6.436E+2	6.237E-3		
										6.439E+2	6.091E-3		
										6.443E+2	5.821E-3		
										6.446E+2	5.676E-3		
										6.449E+2	5.570E-3		
										6.453E+2	5.355E-3		
										6.456E+2	5.131E-3		
										6.459E+2	4.955E-3		
										6.463E+2	4.877E-3		
										6.466E+2	4.652E-3		
										6.469E+2	4.534E-3		
										6.473E+2	4.385E-3		
										6.476E+2	4.231E-3		
										6.479E+2	4.141E-3		
										6.483E+2	3.941E-3		
										6.486E+2	3.808E-3		
										6.489E+2	3.727E-3		
										6.493E+2	3.575E-3		
										6.496E+2	3.495E-3		
										6.499E+2	3.376E-3		
										6.503E+2	3.261E-3		
										6.506E+2	3.111E-3		
										6.509E+2	3.047E-3		
										6.513E+2	2.941E-3		
										6.516E+2	2.815E-3		
										6.519E+2	2.727E-3		
										6.523E+2	2.546E-3		
										6.526E+2	2.585E-3		
										6.529E+2	2.500E-3		
										6.533E+2	2.409E-3		
										6.536E+2	2.366E-3		
										6.539E+2	2.265E-3		
										6.543E+2	2.180E-3		
										6.546E+2	2.090E-3		
										6.549E+2	2.004E-3		
										6.553E+2	1.952E-3		
										6.556E+2	1.887E-3		
										6.559E+2	1.832E-3		
										6.562E+2	1.761E-3		
										6.566E+2	1.710E-3		
										6.569E+2	1.651E-3		
										6.572E+2	1.610E-3		
										6.576E+2	1.523E-3		
										6.579E+2	1.494E-3		
										6.582E+2	1.484E-3		
										6.586E+2	1.401E-3		
										6.589E+2	1.369E-3		
										6.592E+2	1.335E-3		
										6.596E+2	1.317E-3		
										6.599E+2	1.239E-3		
										6.602E+2	1.192E-3		
										6.606E+2	1.188E-3		
										6.609E+2	1.092E-3		
										6.612E+2	1.080E-3		
										6.616E+2	1.047E-3		
										6.619E+2	9.916E-4		
										6.622E+2	9.672E-4		
										6.626E+2	9.486E-4		
										6.629E+2	8.830E-4		
										6.632E+2	8.840E-4		
										6.635E+2	8.345E-4		
										6.639E+2	8.384E-4		
										6.642E+2	8.017E-4		
										6.645E+2	7.621E-4		
										6.649E+2	7.567E-4		
										6.652E+2	7.200E-4		
										6.655E+2	7.303E-4		
										6.659E+2	6.838E-4		
										6.662E+2	6.613E-4		
										6.665E+2	6.285E-4		
										6.669E+2	5.971E-4		
										6.672E+2	5.962E-4		
										6.675E+2	5.570E-4		
										6.679E+2	5.516E-4		
										6.682E+2	5.335E-4		
										6.685E+2	5.071E-4		
										6.688E+2	4.855E-4		
										6.692E+2	4.831E-4		
										6.695E+2	4.483E-4		
										6.698E+2	4.464E-4		
										6.702E+2	4.180E-4		
										6.705E+2	4.483E-4		
										6.708E+2	4.023E-4		
										6.712E+2	4.092E-4		
										6.715E+2	3.877E-4		
										6.718E+2	3.764E-4		
										6.722E+2	3.578E-4		
										6.725E+2	3.157E-4		
										6.728E+2	3.289E-4		
										6.732E+2	3.186E-4		
										6.735E+2	3.245E-4		
										6.738E+2	2.981E-4		
										6.741E+2	3.025E-4		
										6.745E+2	2.761E-4		
										6.748E+2	2.491E-4		
										6.751E+2	2.922E-4		
										6.755E+2	2.506E-4		
										6.758E+2	2.393E-4		
										6.761E+2	2.447E-4		
										6.764E+2	2.178E-4		
										6.768E+2	2.384E-4		
										6.771E+2	2.119E-4		
										6.774E+2	2.227E-4		
										6.778E+2	1.948E-4		
										6.781E+2	1.845E-4		
										6.784E+2	1.880E-4		
										6.788E+2	1.977E-4		
										6.791E+2	1.899E-4		
										6.794E+2	1.684E-4		
										6.797E+2	1.689E-4		
										6.801E+2	1.791E-4		
										6.804E+2	1.635E-4		
										6.807E+2	1.341E-4		
										6.810E+2	1.463E-4		
										6.814E+2	1.498E-4		
										6.817E+2	1.439E-4		
										6.820E+2	1.483E-4		
										6.824E+2	1.527E-4		
										6.827E+2	1.136E-4		
										6.830E+2	1.248E-4		
										6.834E+2	1.243E-4		
										6.837E+2	1.322E-4		
										6.840E+2	1.101E-4		
										6.843E+2	1.023E-4		
										6.847E+2	1.003E-4		
										6.850E+2	9.887E-5		
										6.853E+2	8.957E-5		
										6.857E+2	7.782E-5		
										6.860E+2	7.929E-5		
										6.863E+2	7.684E-5		
										6.866E+2	7.978E-5		
										6.870E+2	7.733E-5		
										6.873E+2	8.370E-5		
										6.876E+2	8.468E-5		
										6.880E+2	7.244E-5		
										6.883E+2	8.174E-5		
										6.886E+2	7.782E-5		
										6.889E+2	6.803E-5		
										6.893E+2	5.433E-5		
										6.896E+2	6.265E-5		
										6.899E+2	4.650E-5		
										6.902E+2	5.971E-5		
										6.906E+2	4.993E-5		
										6.909E+2	7.146E-5		
										6.912E+2	5.139E-5		
										6.916E+2	4.307E-5		
										6.919E+2	3.867E-5		
										6.922E+2	6.559E-5		
										6.925E+2	3.573E-5		
										6.929E+2	2.398E-5		
										6.932E+2	4.503E-5		
										6.935E+2	6.461E-5		
										6.938E+2	4.258E-5		
										6.942E+2	3.524E-5		
										6.945E+2	1.664E-5		
										6.948E+2	3.133E-5		
										6.952E+2	4.797E-5		
										6.955E+2	5.041E-5		
										6.958E+2	4.503E-5		
										6.961E+2	5.482E-5		
										6.965E+2	2.349E-5		
										6.968E+2	3.279E-5		
										6.971E+2	2.594E-5		
										6.975E+2	3.622E-5		
										6.978E+2	2.496E-5		
										6.981E+2	2.496E-5		
										6.984E+2	3.524E-5		
										6.988E+2	3.084E-5		
										6.991E+2	2.888E-5		
										6.994E+2	2.741E-5		
										6.997E+2	1.713E-5		
										7.001E+2	3.916E-5		
										7.004E+2	1.175E-5		
										7.007E+2	1.126E-5		
										7.010E+2	1.517E-5		
										7.014E+2	1.371E-5		
										7.017E+2	2.203E-5		
										7.020E+2	4.893E-7		
										7.023E+2	2.398E-5		
										7.027E+2	1.566E-5		
										7.030E+2	9.789E-6		
										7.033E+2	1.077E-5		
										7.037E+2	3.671E-5		
										7.040E+2	1.958E-5		
										7.043E+2	1.175E-5		
										7.046E+2	1.077E-5		
										7.050E+2	3.720E-5		
										7.053E+2	1.811E-5		
										7.056E+2	6.363E-6		
										7.059E+2	2.252E-5		
										7.062E+2	1.860E-5		
										7.066E+2	3.328E-5		
										7.069E+2	1.419E-5		
										7.072E+2	5.874E-6		
										7.075E+2	3.573E-5		
										7.079E+2	3.230E-5		
										7.082E+2	1.273E-5		
										7.085E+2	1.566E-5		
										7.088E+2	9.787E-7		
										7.092E+2	1.224E-5		
										7.095E+2	1.419E-5		
										7.098E+2	2.643E-5		
										7.102E+2	1.028E-5		
										7.105E+2	2.447E-6		
										7.108E+2	2.203E-5		
										7.111E+2	6.853E-6		
										7.115E+2	1.860E-5		
										7.118E+2	1.468E-6		
										7.121E+2	1.860E-5		
										7.124E+2	0.000E+0		
										7.128E+2	2.349E-5		
										7.131E+2	9.789E-6		
										7.134E+2	6.363E-6		
										7.137E+2	5.385E-6		
										7.140E+2	9.789E-6		
										7.144E+2	3.425E-6		
										7.147E+2	9.789E-6		
										7.150E+2	1.468E-6		
										7.153E+2	6.853E-6		
										7.157E+2	2.936E-6		
										7.160E+2	9.789E-6		
										7.163E+2	1.517E-5		
										7.166E+2	4.895E-6		
										7.170E+2	0.000E+0		
										7.173E+2	6.363E-6		
										7.176E+2	9.787E-7		
										7.179E+2	2.105E-5		
										7.183E+2	1.028E-5		
										7.186E+2	4.893E-7		
										7.189E+2	6.853E-6		
										7.192E+2	1.957E-6		
										7.195E+2	1.077E-5		
										7.199E+2	2.301E-5		
										7.202E+2	1.273E-5		
										7.205E+2	4.406E-6		
										7.208E+2	4.406E-6		
										7.212E+2	1.566E-5		
										7.215E+2	2.936E-6		
										7.218E+2	6.363E-6		
										7.221E+2	7.342E-6		
										7.225E+2	9.300E-6		
										7.228E+2	2.301E-5		
										7.231E+2	2.056E-5		
										7.234E+2	6.853E-6		
										7.238E+2	1.322E-5		
										7.241E+2	1.762E-5		
										7.244E+2	7.342E-6		
										7.247E+2	9.787E-7		
										7.250E+2	4.895E-6		
										7.254E+2	7.831E-6		
										7.257E+2	7.831E-6		
										7.260E+2	1.909E-5		
										7.263E+2	1.664E-5		
										7.267E+2	1.566E-5		
										7.270E+2	1.175E-5		
										7.273E+2	1.273E-5		
										7.276E+2	3.915E-6		
										7.280E+2	9.787E-7		
										7.283E+2	6.363E-6		
										7.286E+2	2.154E-5		
										7.289E+2	9.300E-6		
										7.292E+2	2.447E-6		
										7.296E+2	1.322E-5		
										7.299E+2	4.406E-6		
										7.302E+2	4.406E-6		
										7.305E+2	1.468E-5		
										7.308E+2	5.385E-6		
										7.312E+2	9.789E-6		
										7.315E+2	4.406E-6		
										7.318E+2	8.810E-6		
										7.321E+2	4.893E-7		
										7.325E+2	3.425E-6		
										7.328E+2	1.126E-5		
										7.331E+2	1.371E-5		
										7.334E+2	1.322E-5		
										7.337E+2	7.342E-6		
										7.341E+2	1.419E-5		
										7.344E+2	2.056E-5		
										7.347E+2	5.874E-6		
										7.350E+2	8.321E-6		
										7.353E+2	6.853E-6		
										7.357E+2	7.831E-6		
										7.360E+2	5.385E-6		
										7.363E+2	5.874E-6		
										7.366E+2	1.957E-6		
										7.370E+2	1.811E-5		
										7.373E+2	4.895E-6		
										7.376E+2	1.517E-5		
										7.379E+2	2.936E-6		
										7.382E+2	1.273E-5		
										7.386E+2	1.322E-5		
										7.389E+2	1.273E-5		
										7.392E+2	6.363E-6		
										7.395E+2	1.028E-5		
										7.398E+2	7.831E-6		
										7.402E+2	1.419E-5		
										7.405E+2	3.425E-6		
										7.408E+2	1.322E-5		
										7.411E+2	1.468E-5		
										7.415E+2	9.300E-6		
										7.418E+2	1.909E-5		
										7.421E+2	9.300E-6		
										7.424E+2	5.385E-6		
										7.427E+2	2.252E-5		
										7.430E+2	6.853E-6		
										7.434E+2	3.425E-6		
										7.437E+2	1.126E-5		
										7.440E+2	1.077E-5		
										7.443E+2	8.321E-6		
										7.447E+2	2.447E-6		
										7.450E+2	2.447E-6		
										7.453E+2	1.272E-5		
										7.456E+2	3.915E-6		
										7.459E+2	1.566E-5		
										7.462E+2	9.787E-7		
										7.466E+2	2.007E-5		
										7.469E+2	6.853E-6		
										7.472E+2	9.787E-7		
										7.475E+2	2.105E-5		
										7.478E+2	9.300E-6		
										7.482E+2	2.936E-6		
										7.485E+2	2.790E-5		
										7.488E+2	8.810E-6		
										7.491E+2	5.874E-6		
										7.494E+2	4.893E-7		
										7.498E+2	1.371E-5		
										7.501E+2	6.853E-6		
										7.504E+2	2.154E-5		
										7.507E+2	2.056E-5		
										7.510E+2	4.895E-6		
										7.513E+2	1.175E-5		
										7.517E+2	5.385E-6		
										7.520E+2	1.615E-5		
										7.523E+2	1.322E-5		
										7.526E+2	1.811E-5		
										7.530E+2	3.425E-6		
										7.533E+2	1.419E-5		
										7.536E+2	0.000E+0		
										7.539E+2	4.893E-7		
										7.542E+2	1.957E-6		
										7.545E+2	9.787E-7		
										7.549E+2	2.447E-6		
										7.552E+2	1.468E-6		
										7.555E+2	1.468E-5		
										7.558E+2	1.811E-5		
										7.561E+2	3.425E-6		
										7.565E+2	1.713E-5		
										7.568E+2	1.272E-5		
										7.571E+2	4.895E-6		
										7.574E+2	9.300E-6		
										7.577E+2	1.909E-5		
										7.580E+2	3.425E-6		
										7.584E+2	2.252E-5		
										7.587E+2	2.936E-6		
										7.590E+2	4.406E-6		
										7.593E+2	4.893E-7		
										7.596E+2	1.713E-5		
										7.600E+2	1.224E-5		
										7.603E+2	1.077E-5		
										7.606E+2	1.664E-5		
										7.609E+2	5.385E-6		
										7.612E+2	5.385E-6		
										7.615E+2	6.363E-6		
										7.618E+2	5.385E-6		
										7.622E+2	1.811E-5		
										7.625E+2	1.419E-5		
										7.628E+2	9.787E-7		
										7.631E+2	4.406E-6		
										7.634E+2	1.860E-5		
										7.638E+2	1.224E-5		
										7.641E+2	3.915E-6		
										7.644E+2	3.915E-6		
										7.647E+2	1.126E-5		
										7.650E+2	1.957E-6		
										7.653E+2	7.342E-6		
										7.657E+2	5.874E-6		
										7.660E+2	2.936E-6		
										7.663E+2	6.853E-6		
										7.666E+2	5.874E-6		
										7.669E+2	1.077E-5		
										7.672E+2	3.915E-6		
										7.675E+2	2.936E-6		
										7.679E+2	3.915E-6		
										7.682E+2	4.893E-7		
										7.685E+2	8.810E-6		
										7.688E+2	5.385E-6		
										7.691E+2	6.363E-6		
										7.695E+2	6.853E-6		
										7.698E+2	5.874E-6		
										7.701E+2	1.419E-5		
										7.704E+2	2.447E-6		
										7.707E+2	4.406E-6		
										7.710E+2	1.224E-5		
										7.713E+2	9.789E-6		
										7.717E+2	9.789E-6		
										7.720E+2	2.007E-5		
										7.723E+2	1.322E-5		
										7.726E+2	2.447E-6		
										7.729E+2	4.406E-6		
										7.732E+2	2.936E-6		
										7.736E+2	8.321E-6		
										7.739E+2	4.406E-6		
										7.742E+2	0.000E+0		
										7.745E+2	6.363E-6		
										7.748E+2	5.385E-6		
										7.751E+2	6.363E-6		
										7.755E+2	2.936E-6		
										7.758E+2	1.762E-5		
										7.761E+2	4.893E-7		
										7.764E+2	7.342E-6		
										7.767E+2	1.468E-6		
										7.770E+2	1.517E-5		
										7.773E+2	2.936E-6		
										7.777E+2	2.154E-5		
										7.780E+2	3.915E-6		
										7.783E+2	8.810E-6		
										7.786E+2	2.007E-5		
										7.789E+2	2.447E-6		
										7.792E+2	3.915E-6		
										7.795E+2	4.895E-6		
										7.799E+2	2.936E-6		
										7.802E+2	1.322E-5		
