Voltage(V)	Current(A)	PD Current(A)	J (mA/cm2)	L (cd/m2)	Cur Eff (cd/A)	Power Eff (lm/W)	EQE(%)	CIE X	CIE Y	Wav (nm)	Intensity (au)	NeV (V)	NeJ (mA/cm2))
-4.000E+0	1.462E-7	3.528E-10	3.656E-3	1.729E-2	4.730E-1	-3.713E-1	3.856E-1	6.900E-1	3.057E-1	3.801E+2	1.214E-5	-4.000E+0	
-3.780E+0	1.380E-7	4.025E-10	3.451E-3	1.973E-2	5.717E-1	-4.749E-1	4.661E-1			3.805E+2	3.371E-6		
-3.560E+0	1.190E-7	3.451E-10	2.975E-3	1.691E-2	5.685E-1	-5.014E-1	4.635E-1			3.809E+2	1.146E-5		
-3.340E+0	1.109E-7	4.270E-10	2.772E-3	2.093E-2	7.550E-1	-7.098E-1	6.155E-1			3.812E+2	1.821E-5		
-3.120E+0	9.906E-8	3.533E-10	2.477E-3	1.732E-2	6.993E-1	-7.038E-1	5.701E-1			3.816E+2	8.094E-6		
-2.900E+0	7.222E-8	3.245E-10	1.806E-3	1.591E-2	8.810E-1	-9.539E-1	7.182E-1			3.820E+2	1.079E-5		
-2.680E+0	6.705E-8	3.506E-10	1.676E-3	1.719E-2	1.025E+0	-1.201E+0	8.358E-1			3.823E+2	3.371E-6		
-2.460E+0	5.465E-8	3.765E-10	1.366E-3	1.846E-2	1.351E+0	-1.724E+0	1.101E+0			3.827E+2	2.023E-5		
-2.240E+0	4.096E-8	3.435E-10	1.024E-3	1.684E-2	1.644E+0	-2.305E+0	1.340E+0			3.830E+2	6.071E-6		
-2.020E+0	3.775E-8	3.096E-10	9.437E-4	1.518E-2	1.608E+0	-2.500E+0	1.311E+0			3.834E+2	3.035E-5		
-1.800E+0	2.650E-8	3.392E-10	6.625E-4	1.663E-2	2.510E+0	-4.378E+0	2.046E+0			3.838E+2	8.094E-6		
-1.580E+0	2.125E-8	3.933E-10	5.312E-4	1.928E-2	3.629E+0	-7.213E+0	2.959E+0			3.841E+2	3.237E-5		
-1.360E+0	1.822E-8	3.736E-10	4.555E-4	1.831E-2	4.020E+0	-9.282E+0	3.277E+0			3.845E+2	2.023E-6		
-1.140E+0	1.256E-8	3.054E-10	3.141E-4	1.497E-2	4.766E+0	-1.313E+1	3.885E+0			3.849E+2	1.079E-5		
-9.200E-1	7.297E-9	3.366E-10	1.824E-4	1.650E-2	9.044E+0	-3.087E+1	7.373E+0			3.852E+2	3.371E-6		
-7.000E-1	3.891E-9	2.945E-10	9.729E-5	1.444E-2	1.484E+1	-6.656E+1	1.210E+1			3.856E+2	1.146E-5		
-4.800E-1	7.730E-10	3.077E-10	1.933E-5	1.508E-2	7.804E+1	-5.105E+2	6.362E+1			3.860E+2	2.967E-5		
-2.600E-1	1.920E-9	2.838E-10	4.801E-5	1.391E-2	2.898E+1	-3.500E+2	2.362E+1			3.863E+2	2.023E-5		
-4.000E-2	4.237E-9	3.443E-10	1.059E-4	1.687E-2	1.593E+1	-1.250E+3	1.299E+1			3.867E+2	3.371E-6		
1.800E-1	6.608E-9	3.177E-10	1.652E-4	1.557E-2	9.426E+0	1.644E+2	7.685E+0			3.870E+2	3.371E-6		
4.000E-1	9.203E-9	3.062E-10	2.301E-4	1.501E-2	6.523E+0	5.120E+1	5.317E+0			3.874E+2	8.768E-6		
6.200E-1	1.192E-8	2.804E-10	2.981E-4	1.375E-2	4.611E+0	2.335E+1	3.759E+0			3.878E+2	0.000E+0		
8.400E-1	1.519E-8	3.234E-10	3.797E-4	1.585E-2	4.174E+0	1.560E+1	3.403E+0			3.881E+2	1.281E-5		
1.060E+0	1.876E-8	3.436E-10	4.689E-4	1.684E-2	3.592E+0	1.064E+1	2.929E+0			3.885E+2	6.742E-7		
1.280E+0	2.250E-8	3.336E-10	5.625E-4	1.635E-2	2.907E+0	7.130E+0	2.370E+0			3.889E+2	1.416E-5		
1.500E+0	3.039E-8	3.755E-10	7.597E-4	1.840E-2	2.423E+0	5.071E+0	1.975E+0			3.892E+2	6.742E-7		
1.720E+0	2.474E-7	3.718E-10	6.186E-3	1.822E-2	2.946E-1	5.378E-1	2.402E-1			3.896E+2	2.563E-5		
1.940E+0	1.496E-6	8.112E-10	3.741E-2	3.976E-2	1.063E-1	1.720E-1	8.665E-2			3.900E+2	2.765E-5		
2.160E+0	3.854E-6	1.246E-9	9.636E-2	6.109E-2	6.340E-2	9.216E-2	5.168E-2			3.903E+2	1.281E-5		
2.380E+0	7.303E-6	1.383E-9	1.826E-1	6.780E-2	3.713E-2	4.899E-2	3.027E-2			3.907E+2	1.821E-5		
2.600E+0	1.199E-5	1.821E-9	2.997E-1	8.927E-2	2.979E-2	3.598E-2	2.429E-2			3.911E+2	1.484E-5		
2.820E+0	1.808E-5	2.449E-9	4.520E-1	1.200E-1	2.656E-2	2.957E-2	2.165E-2			3.914E+2	1.348E-6		
3.040E+0	2.576E-5	2.239E-9	6.439E-1	1.098E-1	1.705E-2	1.761E-2	1.390E-2			3.918E+2	1.754E-5		
3.260E+0	3.521E-5	2.426E-9	8.802E-1	1.189E-1	1.351E-2	1.301E-2	1.102E-2			3.921E+2	9.442E-6		
3.480E+0	4.667E-5	2.801E-9	1.167E+0	1.373E-1	1.177E-2	1.062E-2	9.593E-3			3.925E+2	1.079E-5		
3.700E+0	6.040E-5	3.287E-9	1.510E+0	1.611E-1	1.067E-2	9.053E-3	8.697E-3			3.929E+2	1.348E-6		
3.920E+0	7.662E-5	3.215E-9	1.915E+0	1.576E-1	8.227E-3	6.590E-3	6.707E-3			3.932E+2	1.754E-5		
4.140E+0	9.571E-5	3.948E-9	2.393E+0	1.935E-1	8.087E-3	6.134E-3	6.593E-3			3.936E+2	1.349E-5		
4.360E+0	1.181E-4	3.838E-9	2.952E+0	1.881E-1	6.374E-3	4.590E-3	5.196E-3			3.940E+2	1.281E-5		
4.580E+0	1.439E-4	4.221E-9	3.598E+0	2.069E-1	5.750E-3	3.942E-3	4.687E-3			3.943E+2	1.348E-6		
4.800E+0	1.737E-4	4.084E-9	4.342E+0	2.002E-1	4.610E-3	3.016E-3	3.759E-3			3.947E+2	9.442E-6		
5.020E+0	2.081E-4	4.425E-9	5.202E+0	2.169E-1	4.169E-3	2.608E-3	3.399E-3			3.950E+2	1.079E-5		
5.240E+0	2.475E-4	5.691E-9	6.188E+0	2.790E-1	4.508E-3	2.702E-3	3.675E-3			3.954E+2	4.720E-6		
5.460E+0	2.921E-4	4.654E-9	7.303E+0	2.281E-1	3.124E-3	1.796E-3	2.547E-3			3.958E+2	3.371E-6		
5.680E+0	3.449E-4	4.439E-9	8.623E+0	2.176E-1	2.523E-3	1.395E-3	2.057E-3			3.961E+2	6.071E-6		
5.900E+0	4.033E-4	4.573E-9	1.008E+1	2.242E-1	2.223E-3	1.183E-3	1.813E-3			3.965E+2	6.742E-7		
6.120E+0	4.707E-4	5.926E-9	1.177E+1	2.905E-1	2.468E-3	1.266E-3	2.012E-3			3.969E+2	4.045E-6		
6.340E+0	5.452E-4	5.486E-9	1.363E+1	2.689E-1	1.973E-3	9.771E-4	1.608E-3			3.972E+2	1.753E-5		
6.560E+0	6.328E-4	5.572E-9	1.582E+1	2.731E-1	1.727E-3	8.265E-4	1.408E-3			3.976E+2	1.956E-5		
6.780E+0	7.302E-4	5.487E-9	1.826E+1	2.689E-1	1.473E-3	6.823E-4	1.201E-3			3.980E+2	1.686E-5		
7.000E+0	8.491E-4	6.250E-9	2.123E+1	3.064E-1	1.443E-3	6.474E-4	1.177E-3			3.983E+2	4.720E-6		
										3.987E+2	1.214E-5		
										3.990E+2	1.821E-5		
										3.994E+2	1.146E-5		
										3.998E+2	6.742E-7		
										4.001E+2	6.742E-7		
										4.005E+2	9.442E-6		
										4.009E+2	1.214E-5		
										4.012E+2	2.360E-5		
										4.016E+2	1.551E-5		
										4.020E+2	4.045E-6		
										4.023E+2	1.686E-5		
										4.027E+2	2.023E-6		
										4.030E+2	5.394E-6		
										4.034E+2	2.023E-5		
										4.038E+2	1.012E-5		
										4.041E+2	3.371E-6		
										4.045E+2	4.720E-6		
										4.049E+2	2.023E-6		
										4.052E+2	2.697E-6		
										4.056E+2	6.745E-6		
										4.059E+2	1.349E-5		
										4.063E+2	1.484E-5		
										4.067E+2	1.348E-6		
										4.070E+2	2.360E-5		
										4.074E+2	1.079E-5		
										4.077E+2	8.094E-6		
										4.081E+2	1.618E-5		
										4.085E+2	2.158E-5		
										4.088E+2	3.305E-5		
										4.092E+2	4.249E-5		
										4.095E+2	7.419E-6		
										4.099E+2	8.768E-6		
										4.103E+2	3.102E-5		
										4.106E+2	2.428E-5		
										4.110E+2	2.293E-5		
										4.114E+2	1.821E-5		
										4.117E+2	2.226E-5		
										4.121E+2	9.442E-6		
										4.125E+2	2.158E-5		
										4.128E+2	8.768E-6		
										4.132E+2	4.720E-6		
										4.135E+2	1.551E-5		
										4.139E+2	2.360E-5		
										4.142E+2	6.745E-6		
										4.146E+2	3.371E-6		
										4.150E+2	1.618E-5		
										4.153E+2	2.697E-6		
										4.157E+2	9.442E-6		
										4.161E+2	5.394E-6		
										4.164E+2	2.158E-5		
										4.168E+2	6.071E-6		
										4.171E+2	1.888E-5		
										4.175E+2	3.372E-5		
										4.179E+2	1.348E-6		
										4.182E+2	2.023E-6		
										4.186E+2	2.495E-5		
										4.189E+2	2.023E-6		
										4.193E+2	3.507E-5		
										4.197E+2	2.023E-6		
										4.200E+2	8.768E-6		
										4.204E+2	1.348E-6		
										4.208E+2	1.348E-6		
										4.211E+2	1.888E-5		
										4.215E+2	5.394E-6		
										4.218E+2	1.754E-5		
										4.222E+2	1.686E-5		
										4.225E+2	1.753E-5		
										4.229E+2	6.071E-6		
										4.233E+2	1.348E-6		
										4.236E+2	2.023E-6		
										4.240E+2	8.768E-6		
										4.244E+2	2.428E-5		
										4.247E+2	2.697E-6		
										4.251E+2	6.742E-7		
										4.254E+2	9.442E-6		
										4.258E+2	6.071E-6		
										4.261E+2	2.900E-5		
										4.265E+2	5.394E-6		
										4.269E+2	3.371E-6		
										4.272E+2	6.071E-6		
										4.276E+2	1.416E-5		
										4.280E+2	1.551E-5		
										4.283E+2	3.777E-5		
										4.287E+2	1.281E-5		
										4.290E+2	2.091E-5		
										4.294E+2	1.214E-5		
										4.298E+2	2.360E-5		
										4.301E+2	1.146E-5		
										4.305E+2	1.348E-6		
										4.308E+2	1.214E-5		
										4.312E+2	2.091E-5		
										4.315E+2	2.023E-6		
										4.319E+2	1.146E-5		
										4.323E+2	2.023E-6		
										4.326E+2	6.071E-6		
										4.330E+2	2.360E-5		
										4.333E+2	1.348E-6		
										4.337E+2	1.888E-5		
										4.341E+2	3.371E-6		
										4.344E+2	1.484E-5		
										4.348E+2	3.371E-6		
										4.351E+2	1.146E-5		
										4.355E+2	2.023E-6		
										4.359E+2	1.956E-5		
										4.362E+2	6.071E-6		
										4.366E+2	4.720E-6		
										4.369E+2	2.630E-5		
										4.373E+2	1.618E-5		
										4.376E+2	7.419E-6		
										4.380E+2	1.551E-5		
										4.384E+2	6.745E-6		
										4.387E+2	2.495E-5		
										4.391E+2	7.419E-6		
										4.394E+2	1.754E-5		
										4.398E+2	1.484E-5		
										4.402E+2	1.754E-5		
										4.405E+2	1.349E-5		
										4.409E+2	3.372E-5		
										4.412E+2	2.091E-5		
										4.416E+2	1.349E-5		
										4.420E+2	4.720E-6		
										4.423E+2	1.146E-5		
										4.427E+2	2.698E-5		
										4.430E+2	3.371E-6		
										4.434E+2	6.745E-6		
										4.437E+2	6.745E-6		
										4.441E+2	5.394E-6		
										4.445E+2	1.686E-5		
										4.448E+2	1.146E-5		
										4.452E+2	3.709E-5		
										4.455E+2	1.079E-5		
										4.459E+2	1.753E-5		
										4.462E+2	6.742E-7		
										4.466E+2	1.214E-5		
										4.470E+2	5.394E-6		
										4.473E+2	1.079E-5		
										4.477E+2	2.023E-6		
										4.480E+2	1.146E-5		
										4.484E+2	6.742E-7		
										4.488E+2	7.419E-6		
										4.491E+2	2.293E-5		
										4.495E+2	1.281E-5		
										4.498E+2	3.574E-5		
										4.502E+2	9.442E-6		
										4.505E+2	6.742E-7		
										4.509E+2	1.348E-6		
										4.512E+2	3.102E-5		
										4.516E+2	1.146E-5		
										4.520E+2	5.394E-6		
										4.523E+2	1.214E-5		
										4.527E+2	1.753E-5		
										4.530E+2	1.079E-5		
										4.534E+2	5.394E-6		
										4.538E+2	8.094E-6		
										4.541E+2	2.293E-5		
										4.545E+2	1.281E-5		
										4.548E+2	2.091E-5		
										4.552E+2	1.146E-5		
										4.555E+2	8.094E-6		
										4.559E+2	1.079E-5		
										4.562E+2	0.000E+0		
										4.566E+2	1.348E-6		
										4.570E+2	6.745E-6		
										4.573E+2	7.419E-6		
										4.577E+2	5.394E-6		
										4.580E+2	8.768E-6		
										4.584E+2	3.372E-5		
										4.588E+2	1.956E-5		
										4.591E+2	5.193E-5		
										4.595E+2	1.012E-5		
										4.598E+2	1.551E-5		
										4.602E+2	1.484E-5		
										4.605E+2	8.094E-6		
										4.609E+2	1.281E-5		
										4.612E+2	8.094E-6		
										4.616E+2	7.419E-6		
										4.620E+2	2.697E-6		
										4.623E+2	2.023E-5		
										4.627E+2	1.012E-5		
										4.630E+2	1.281E-5		
										4.634E+2	4.519E-5		
										4.637E+2	6.742E-7		
										4.641E+2	1.888E-5		
										4.645E+2	2.428E-5		
										4.648E+2	7.419E-6		
										4.652E+2	2.226E-5		
										4.655E+2	2.563E-5		
										4.659E+2	1.956E-5		
										4.662E+2	1.753E-5		
										4.666E+2	9.442E-6		
										4.669E+2	8.768E-6		
										4.673E+2	1.349E-5		
										4.676E+2	1.618E-5		
										4.680E+2	8.768E-6		
										4.684E+2	7.419E-6		
										4.687E+2	1.956E-5		
										4.691E+2	1.888E-5		
										4.694E+2	1.956E-5		
										4.698E+2	2.697E-6		
										4.701E+2	2.360E-5		
										4.705E+2	1.012E-5		
										4.709E+2	1.416E-5		
										4.712E+2	1.012E-5		
										4.716E+2	2.832E-5		
										4.719E+2	2.091E-5		
										4.723E+2	6.742E-7		
										4.726E+2	6.745E-6		
										4.730E+2	2.023E-5		
										4.733E+2	3.371E-6		
										4.737E+2	6.071E-6		
										4.740E+2	1.348E-6		
										4.744E+2	2.091E-5		
										4.748E+2	1.012E-5		
										4.751E+2	1.349E-5		
										4.755E+2	1.484E-5		
										4.758E+2	3.371E-6		
										4.762E+2	2.765E-5		
										4.765E+2	1.686E-5		
										4.769E+2	6.745E-6		
										4.772E+2	2.630E-5		
										4.776E+2	1.079E-5		
										4.779E+2	1.214E-5		
										4.783E+2	5.394E-6		
										4.786E+2	6.742E-7		
										4.790E+2	1.484E-5		
										4.794E+2	1.146E-5		
										4.797E+2	6.745E-6		
										4.801E+2	9.442E-6		
										4.804E+2	3.574E-5		
										4.808E+2	2.293E-5		
										4.811E+2	2.697E-6		
										4.815E+2	1.821E-5		
										4.818E+2	1.551E-5		
										4.822E+2	2.630E-5		
										4.825E+2	1.484E-5		
										4.829E+2	6.742E-7		
										4.832E+2	3.170E-5		
										4.836E+2	0.000E+0		
										4.840E+2	2.428E-5		
										4.843E+2	1.348E-6		
										4.847E+2	1.281E-5		
										4.850E+2	1.079E-5		
										4.854E+2	1.146E-5		
										4.857E+2	1.146E-5		
										4.861E+2	1.349E-5		
										4.864E+2	2.697E-6		
										4.868E+2	7.419E-6		
										4.871E+2	8.768E-6		
										4.875E+2	2.360E-5		
										4.878E+2	1.146E-5		
										4.882E+2	6.745E-6		
										4.885E+2	7.419E-6		
										4.889E+2	0.000E+0		
										4.893E+2	1.348E-6		
										4.896E+2	2.495E-5		
										4.900E+2	2.293E-5		
										4.903E+2	2.023E-5		
										4.907E+2	1.214E-5		
										4.910E+2	2.428E-5		
										4.914E+2	3.371E-6		
										4.917E+2	6.742E-7		
										4.921E+2	2.495E-5		
										4.924E+2	6.745E-6		
										4.928E+2	1.281E-5		
										4.931E+2	1.753E-5		
										4.935E+2	5.394E-6		
										4.938E+2	5.394E-6		
										4.942E+2	6.742E-7		
										4.945E+2	1.484E-5		
										4.949E+2	1.348E-6		
										4.952E+2	6.745E-6		
										4.956E+2	1.214E-5		
										4.960E+2	1.348E-6		
										4.963E+2	2.900E-5		
										4.967E+2	1.348E-6		
										4.970E+2	8.768E-6		
										4.974E+2	1.551E-5		
										4.977E+2	1.618E-5		
										4.981E+2	1.618E-5		
										4.984E+2	1.416E-5		
										4.988E+2	6.742E-7		
										4.991E+2	3.170E-5		
										4.995E+2	1.281E-5		
										4.998E+2	1.956E-5		
										5.002E+2	1.281E-5		
										5.005E+2	3.102E-5		
										5.009E+2	1.281E-5		
										5.012E+2	7.419E-6		
										5.016E+2	2.698E-5		
										5.019E+2	2.226E-5		
										5.023E+2	7.419E-6		
										5.026E+2	1.416E-5		
										5.030E+2	3.102E-5		
										5.034E+2	1.214E-5		
										5.037E+2	3.371E-6		
										5.040E+2	1.012E-5		
										5.044E+2	1.349E-5		
										5.048E+2	1.281E-5		
										5.051E+2	6.071E-6		
										5.055E+2	2.023E-5		
										5.058E+2	2.697E-6		
										5.062E+2	2.697E-6		
										5.065E+2	6.071E-6		
										5.069E+2	2.023E-6		
										5.072E+2	1.618E-5		
										5.076E+2	1.079E-5		
										5.079E+2	9.442E-6		
										5.083E+2	3.035E-5		
										5.086E+2	1.214E-5		
										5.090E+2	6.071E-6		
										5.093E+2	6.745E-6		
										5.097E+2	3.237E-5		
										5.100E+2	6.742E-7		
										5.104E+2	2.023E-5		
										5.107E+2	3.709E-5		
										5.111E+2	3.371E-6		
										5.114E+2	4.045E-6		
										5.118E+2	6.071E-6		
										5.121E+2	6.745E-6		
										5.125E+2	1.618E-5		
										5.128E+2	1.146E-5		
										5.132E+2	4.045E-6		
										5.135E+2	3.371E-6		
										5.139E+2	4.045E-6		
										5.142E+2	1.348E-6		
										5.146E+2	2.765E-5		
										5.149E+2	7.419E-6		
										5.153E+2	2.832E-5		
										5.156E+2	4.856E-5		
										5.160E+2	2.023E-6		
										5.163E+2	7.419E-6		
										5.167E+2	1.214E-5		
										5.170E+2	3.371E-6		
										5.174E+2	2.900E-5		
										5.177E+2	3.844E-5		
										5.181E+2	1.012E-5		
										5.184E+2	1.348E-6		
										5.188E+2	6.742E-7		
										5.191E+2	6.742E-7		
										5.195E+2	8.768E-6		
										5.198E+2	1.888E-5		
										5.202E+2	3.371E-6		
										5.205E+2	2.023E-6		
										5.209E+2	6.071E-6		
										5.212E+2	1.416E-5		
										5.216E+2	1.349E-5		
										5.219E+2	2.697E-6		
										5.223E+2	1.618E-5		
										5.226E+2	1.821E-5		
										5.230E+2	1.551E-5		
										5.233E+2	1.888E-5		
										5.237E+2	1.214E-5		
										5.240E+2	9.442E-6		
										5.244E+2	1.686E-5		
										5.247E+2	1.146E-5		
										5.251E+2	9.442E-6		
										5.254E+2	2.293E-5		
										5.258E+2	1.686E-5		
										5.261E+2	6.742E-7		
										5.265E+2	8.768E-6		
										5.268E+2	1.146E-5		
										5.272E+2	3.439E-5		
										5.275E+2	3.102E-5		
										5.278E+2	4.045E-6		
										5.282E+2	2.697E-6		
										5.285E+2	3.371E-6		
										5.289E+2	1.079E-5		
										5.292E+2	1.888E-5		
										5.296E+2	1.214E-5		
										5.299E+2	1.754E-5		
										5.303E+2	3.371E-6		
										5.306E+2	2.967E-5		
										5.310E+2	1.281E-5		
										5.313E+2	7.419E-6		
										5.317E+2	2.967E-5		
										5.320E+2	1.214E-5		
										5.324E+2	1.348E-6		
										5.327E+2	2.697E-6		
										5.331E+2	2.698E-5		
										5.334E+2	1.618E-5		
										5.338E+2	5.394E-6		
										5.341E+2	2.697E-6		
										5.345E+2	1.214E-5		
										5.348E+2	2.697E-6		
										5.352E+2	1.888E-5		
										5.355E+2	1.821E-5		
										5.358E+2	1.956E-5		
										5.362E+2	2.293E-5		
										5.365E+2	1.348E-6		
										5.369E+2	1.214E-5		
										5.372E+2	2.495E-5		
										5.376E+2	2.158E-5		
										5.379E+2	8.768E-6		
										5.383E+2	4.720E-6		
										5.386E+2	2.698E-5		
										5.390E+2	1.281E-5		
										5.393E+2	1.416E-5		
										5.397E+2	1.348E-6		
										5.400E+2	2.226E-5		
										5.404E+2	1.214E-5		
										5.407E+2	2.226E-5		
										5.411E+2	9.442E-6		
										5.414E+2	6.742E-7		
										5.418E+2	4.045E-6		
										5.421E+2	7.419E-6		
										5.425E+2	2.697E-6		
										5.428E+2	1.821E-5		
										5.432E+2	6.742E-7		
										5.435E+2	4.249E-5		
										5.438E+2	2.832E-5		
										5.442E+2	8.768E-6		
										5.445E+2	1.349E-5		
										5.449E+2	2.226E-5		
										5.452E+2	6.071E-6		
										5.456E+2	6.745E-6		
										5.459E+2	1.348E-6		
										5.463E+2	8.768E-6		
										5.466E+2	5.394E-6		
										5.470E+2	2.698E-5		
										5.473E+2	1.618E-5		
										5.477E+2	3.371E-6		
										5.480E+2	3.371E-6		
										5.483E+2	2.563E-5		
										5.487E+2	1.349E-5		
										5.490E+2	1.754E-5		
										5.494E+2	3.237E-5		
										5.497E+2	1.821E-5		
										5.501E+2	6.745E-6		
										5.504E+2	1.281E-5		
										5.508E+2	2.428E-5		
										5.511E+2	5.394E-6		
										5.515E+2	4.856E-5		
										5.518E+2	2.698E-5		
										5.522E+2	1.618E-5		
										5.525E+2	2.293E-5		
										5.528E+2	2.697E-6		
										5.532E+2	3.372E-5		
										5.535E+2	1.349E-5		
										5.539E+2	8.094E-6		
										5.542E+2	1.012E-5		
										5.546E+2	3.371E-6		
										5.549E+2	1.551E-5		
										5.553E+2	1.012E-5		
										5.556E+2	4.720E-6		
										5.560E+2	2.630E-5		
										5.563E+2	6.071E-6		
										5.566E+2	1.079E-5		
										5.570E+2	1.079E-5		
										5.573E+2	2.091E-5		
										5.577E+2	5.394E-6		
										5.580E+2	1.416E-5		
										5.584E+2	4.045E-6		
										5.587E+2	2.900E-5		
										5.590E+2	1.079E-5		
										5.594E+2	5.193E-5		
										5.597E+2	1.754E-5		
										5.601E+2	1.079E-5		
										5.604E+2	1.079E-5		
										5.608E+2	2.630E-5		
										5.611E+2	1.214E-5		
										5.615E+2	2.023E-6		
										5.618E+2	1.416E-5		
										5.622E+2	8.094E-6		
										5.625E+2	2.697E-6		
										5.628E+2	1.079E-5		
										5.632E+2	1.821E-5		
										5.635E+2	4.045E-6		
										5.639E+2	3.035E-5		
										5.642E+2	4.990E-5		
										5.646E+2	6.542E-5		
										5.649E+2	5.935E-5		
										5.652E+2	1.821E-5		
										5.656E+2	2.226E-5		
										5.659E+2	1.551E-5		
										5.663E+2	1.349E-5		
										5.666E+2	2.967E-5		
										5.670E+2	5.394E-6		
										5.673E+2	2.967E-5		
										5.677E+2	3.035E-5		
										5.680E+2	3.642E-5		
										5.683E+2	2.226E-5		
										5.687E+2	5.328E-5		
										5.690E+2	8.768E-6		
										5.694E+2	4.788E-5		
										5.697E+2	3.237E-5		
										5.701E+2	3.844E-5		
										5.704E+2	2.226E-5		
										5.708E+2	4.519E-5		
										5.711E+2	9.442E-6		
										5.714E+2	2.698E-5		
										5.718E+2	3.305E-5		
										5.721E+2	5.800E-5		
										5.725E+2	4.586E-5		
										5.728E+2	2.967E-5		
										5.732E+2	6.272E-5		
										5.735E+2	7.688E-5		
										5.738E+2	1.618E-5		
										5.742E+2	4.923E-5		
										5.745E+2	5.800E-5		
										5.749E+2	3.574E-5		
										5.752E+2	7.486E-5		
										5.756E+2	5.395E-5		
										5.759E+2	6.811E-5		
										5.762E+2	2.765E-5		
										5.766E+2	5.260E-5		
										5.769E+2	6.946E-5		
										5.773E+2	7.283E-5		
										5.776E+2	6.744E-5		
										5.780E+2	6.272E-5		
										5.783E+2	5.058E-5		
										5.786E+2	9.576E-5		
										5.790E+2	8.700E-5		
										5.793E+2	7.486E-5		
										5.797E+2	9.846E-5		
										5.800E+2	9.711E-5		
										5.803E+2	1.072E-4		
										5.807E+2	8.835E-5		
										5.810E+2	9.239E-5		
										5.814E+2	1.423E-4		
										5.817E+2	1.221E-4		
										5.821E+2	1.140E-4		
										5.824E+2	1.275E-4		
										5.828E+2	1.180E-4		
										5.831E+2	1.261E-4		
										5.834E+2	1.517E-4		
										5.838E+2	1.322E-4		
										5.841E+2	1.362E-4		
										5.845E+2	1.436E-4		
										5.848E+2	1.389E-4		
										5.851E+2	1.834E-4		
										5.855E+2	1.747E-4		
										5.858E+2	1.989E-4		
										5.862E+2	2.172E-4		
										5.865E+2	1.726E-4		
										5.868E+2	1.861E-4		
										5.872E+2	1.625E-4		
										5.875E+2	2.111E-4		
										5.879E+2	2.381E-4		
										5.882E+2	2.340E-4		
										5.885E+2	1.996E-4		
										5.889E+2	2.482E-4		
										5.892E+2	2.522E-4		
										5.896E+2	2.563E-4		
										5.899E+2	2.603E-4		
										5.903E+2	2.826E-4		
										5.906E+2	2.765E-4		
										5.909E+2	2.832E-4		
										5.913E+2	2.873E-4		
										5.916E+2	2.711E-4		
										5.920E+2	3.244E-4		
										5.923E+2	3.541E-4		
										5.926E+2	3.487E-4		
										5.930E+2	3.412E-4		
										5.933E+2	3.858E-4		
										5.937E+2	3.574E-4		
										5.940E+2	3.804E-4		
										5.943E+2	3.831E-4		
										5.947E+2	4.309E-4		
										5.950E+2	4.175E-4		
										5.954E+2	4.640E-4		
										5.957E+2	4.505E-4		
										5.960E+2	4.876E-4		
										5.964E+2	4.923E-4		
										5.967E+2	5.078E-4		
										5.971E+2	5.267E-4		
										5.974E+2	5.247E-4		
										5.978E+2	5.328E-4		
										5.981E+2	6.036E-4		
										5.984E+2	6.103E-4		
										5.988E+2	6.346E-4		
										5.991E+2	6.913E-4		
										5.995E+2	7.027E-4		
										5.998E+2	7.236E-4		
										6.001E+2	7.405E-4		
										6.005E+2	7.668E-4		
										6.008E+2	7.742E-4		
										6.012E+2	8.477E-4		
										6.015E+2	8.862E-4		
										6.018E+2	9.246E-4		
										6.022E+2	9.624E-4		
										6.025E+2	1.022E-3		
										6.028E+2	1.008E-3		
										6.032E+2	1.084E-3		
										6.035E+2	1.134E-3		
										6.039E+2	1.194E-3		
										6.042E+2	1.203E-3		
										6.045E+2	1.266E-3		
										6.049E+2	1.310E-3		
										6.052E+2	1.349E-3		
										6.056E+2	1.424E-3		
										6.059E+2	1.513E-3		
										6.062E+2	1.552E-3		
										6.066E+2	1.664E-3		
										6.069E+2	1.707E-3		
										6.072E+2	1.726E-3		
										6.076E+2	1.839E-3		
										6.079E+2	1.900E-3		
										6.083E+2	1.983E-3		
										6.086E+2	2.176E-3		
										6.090E+2	2.197E-3		
										6.093E+2	2.263E-3		
										6.096E+2	2.351E-3		
										6.100E+2	2.547E-3		
										6.103E+2	2.629E-3		
										6.106E+2	2.776E-3		
										6.110E+2	2.886E-3		
										6.113E+2	2.946E-3		
										6.117E+2	3.109E-3		
										6.120E+2	3.266E-3		
										6.123E+2	3.414E-3		
										6.127E+2	3.499E-3		
										6.130E+2	3.711E-3		
										6.133E+2	3.827E-3		
										6.137E+2	3.959E-3		
										6.140E+2	4.238E-3		
										6.144E+2	4.358E-3		
										6.147E+2	4.483E-3		
										6.150E+2	4.770E-3		
										6.154E+2	4.908E-3		
										6.157E+2	5.140E-3		
										6.160E+2	5.337E-3		
										6.164E+2	5.536E-3		
										6.167E+2	5.724E-3		
										6.171E+2	5.914E-3		
										6.174E+2	6.100E-3		
										6.177E+2	6.356E-3		
										6.181E+2	6.585E-3		
										6.184E+2	6.844E-3		
										6.188E+2	7.064E-3		
										6.191E+2	7.289E-3		
										6.194E+2	7.468E-3		
										6.198E+2	7.753E-3		
										6.201E+2	8.021E-3		
										6.204E+2	8.242E-3		
										6.208E+2	8.412E-3		
										6.211E+2	8.621E-3		
										6.215E+2	8.818E-3		
										6.218E+2	9.072E-3		
										6.221E+2	9.516E-3		
										6.225E+2	9.509E-3		
										6.228E+2	9.673E-3		
										6.231E+2	9.970E-3		
										6.235E+2	1.023E-2		
										6.238E+2	1.031E-2		
										6.241E+2	1.050E-2		
										6.245E+2	1.073E-2		
										6.248E+2	1.081E-2		
										6.252E+2	1.089E-2		
										6.255E+2	1.110E-2		
										6.258E+2	1.137E-2		
										6.262E+2	1.148E-2		
										6.265E+2	1.173E-2		
										6.268E+2	1.169E-2		
										6.272E+2	1.183E-2		
										6.275E+2	1.193E-2		
										6.278E+2	1.199E-2		
										6.282E+2	1.207E-2		
										6.285E+2	1.189E-2		
										6.288E+2	1.207E-2		
										6.292E+2	1.205E-2		
										6.295E+2	1.209E-2		
										6.299E+2	1.224E-2		
										6.302E+2	1.203E-2		
										6.305E+2	1.199E-2		
										6.309E+2	1.204E-2		
										6.312E+2	1.176E-2		
										6.315E+2	1.191E-2		
										6.319E+2	1.182E-2		
										6.322E+2	1.162E-2		
										6.325E+2	1.154E-2		
										6.329E+2	1.151E-2		
										6.332E+2	1.121E-2		
										6.335E+2	1.101E-2		
										6.339E+2	1.102E-2		
										6.342E+2	1.077E-2		
										6.345E+2	1.058E-2		
										6.349E+2	1.036E-2		
										6.352E+2	1.032E-2		
										6.356E+2	1.005E-2		
										6.359E+2	9.834E-3		
										6.362E+2	9.611E-3		
										6.366E+2	9.307E-3		
										6.369E+2	9.049E-3		
										6.372E+2	8.760E-3		
										6.376E+2	8.648E-3		
										6.379E+2	8.281E-3		
										6.382E+2	8.151E-3		
										6.386E+2	7.855E-3		
										6.389E+2	7.544E-3		
										6.392E+2	7.415E-3		
										6.396E+2	7.110E-3		
										6.399E+2	6.870E-3		
										6.402E+2	6.672E-3		
										6.406E+2	6.387E-3		
										6.409E+2	6.237E-3		
										6.412E+2	5.948E-3		
										6.416E+2	5.650E-3		
										6.419E+2	5.593E-3		
										6.422E+2	5.213E-3		
										6.426E+2	5.093E-3		
										6.429E+2	4.867E-3		
										6.433E+2	4.695E-3		
										6.436E+2	4.452E-3		
										6.439E+2	4.340E-3		
										6.443E+2	4.177E-3		
										6.446E+2	3.965E-3		
										6.449E+2	3.852E-3		
										6.453E+2	3.675E-3		
										6.456E+2	3.524E-3		
										6.459E+2	3.355E-3		
										6.463E+2	3.218E-3		
										6.466E+2	3.100E-3		
										6.469E+2	2.970E-3		
										6.473E+2	2.868E-3		
										6.476E+2	2.732E-3		
										6.479E+2	2.575E-3		
										6.483E+2	2.497E-3		
										6.486E+2	2.389E-3		
										6.489E+2	2.287E-3		
										6.493E+2	2.200E-3		
										6.496E+2	2.098E-3		
										6.499E+2	2.042E-3		
										6.503E+2	1.965E-3		
										6.506E+2	1.826E-3		
										6.509E+2	1.793E-3		
										6.513E+2	1.712E-3		
										6.516E+2	1.612E-3		
										6.519E+2	1.611E-3		
										6.523E+2	1.579E-3		
										6.526E+2	1.457E-3		
										6.529E+2	1.363E-3		
										6.533E+2	1.342E-3		
										6.536E+2	1.283E-3		
										6.539E+2	1.260E-3		
										6.543E+2	1.163E-3		
										6.546E+2	1.124E-3		
										6.549E+2	1.056E-3		
										6.553E+2	1.010E-3		
										6.556E+2	1.014E-3		
										6.559E+2	9.199E-4		
										6.562E+2	8.976E-4		
										6.566E+2	8.929E-4		
										6.569E+2	7.971E-4		
										6.572E+2	8.059E-4		
										6.576E+2	8.140E-4		
										6.579E+2	7.567E-4		
										6.582E+2	6.724E-4		
										6.586E+2	6.258E-4		
										6.589E+2	6.306E-4		
										6.592E+2	6.501E-4		
										6.596E+2	6.103E-4		
										6.599E+2	5.598E-4		
										6.602E+2	5.631E-4		
										6.606E+2	5.368E-4		
										6.609E+2	4.923E-4		
										6.612E+2	4.869E-4		
										6.616E+2	4.350E-4		
										6.619E+2	4.485E-4		
										6.622E+2	4.148E-4		
										6.626E+2	4.019E-4		
										6.629E+2	3.527E-4		
										6.632E+2	3.662E-4		
										6.635E+2	3.534E-4		
										6.639E+2	3.318E-4		
										6.642E+2	3.156E-4		
										6.645E+2	3.244E-4		
										6.649E+2	2.758E-4		
										6.652E+2	2.893E-4		
										6.655E+2	2.576E-4		
										6.659E+2	2.623E-4		
										6.662E+2	2.698E-4		
										6.665E+2	2.394E-4		
										6.669E+2	2.118E-4		
										6.672E+2	2.408E-4		
										6.675E+2	2.124E-4		
										6.679E+2	1.902E-4		
										6.682E+2	1.753E-4		
										6.685E+2	1.909E-4		
										6.688E+2	1.672E-4		
										6.692E+2	1.895E-4		
										6.695E+2	1.659E-4		
										6.698E+2	1.760E-4		
										6.702E+2	1.423E-4		
										6.705E+2	1.592E-4		
										6.708E+2	1.659E-4		
										6.712E+2	1.200E-4		
										6.715E+2	1.227E-4		
										6.718E+2	1.126E-4		
										6.722E+2	1.146E-4		
										6.725E+2	1.146E-4		
										6.728E+2	1.207E-4		
										6.732E+2	1.133E-4		
										6.735E+2	7.081E-5		
										6.738E+2	8.430E-5		
										6.741E+2	8.767E-5		
										6.745E+2	7.014E-5		
										6.748E+2	1.140E-4		
										6.751E+2	8.160E-5		
										6.755E+2	9.914E-5		
										6.758E+2	4.856E-5		
										6.761E+2	7.283E-5		
										6.764E+2	5.463E-5		
										6.768E+2	7.756E-5		
										6.771E+2	5.598E-5		
										6.774E+2	6.811E-5		
										6.778E+2	6.811E-5		
										6.781E+2	5.058E-5		
										6.784E+2	6.204E-5		
										6.788E+2	8.632E-5		
										6.791E+2	6.542E-5		
										6.794E+2	4.384E-5		
										6.797E+2	7.486E-5		
										6.801E+2	4.990E-5		
										6.804E+2	3.170E-5		
										6.807E+2	4.114E-5		
										6.810E+2	3.237E-5		
										6.814E+2	4.451E-5		
										6.817E+2	5.867E-5		
										6.820E+2	4.586E-5		
										6.824E+2	3.777E-5		
										6.827E+2	4.316E-5		
										6.830E+2	5.260E-5		
										6.834E+2	6.204E-5		
										6.837E+2	6.407E-5		
										6.840E+2	5.732E-5		
										6.843E+2	3.507E-5		
										6.847E+2	4.249E-5		
										6.850E+2	1.012E-5		
										6.853E+2	2.293E-5		
										6.857E+2	4.114E-5		
										6.860E+2	2.360E-5		
										6.863E+2	6.204E-5		
										6.866E+2	3.371E-6		
										6.870E+2	1.888E-5		
										6.873E+2	1.349E-5		
										6.876E+2	8.094E-6		
										6.880E+2	3.237E-5		
										6.883E+2	4.720E-6		
										6.886E+2	3.371E-6		
										6.889E+2	2.091E-5		
										6.893E+2	1.754E-5		
										6.896E+2	1.214E-5		
										6.899E+2	3.035E-5		
										6.902E+2	6.946E-5		
										6.906E+2	2.697E-6		
										6.909E+2	1.551E-5		
										6.912E+2	8.094E-6		
										6.916E+2	1.888E-5		
										6.919E+2	3.372E-5		
										6.922E+2	7.419E-6		
										6.925E+2	3.371E-6		
										6.929E+2	6.744E-5		
										6.932E+2	5.394E-6		
										6.935E+2	9.442E-6		
										6.938E+2	2.023E-6		
										6.942E+2	1.281E-5		
										6.945E+2	3.371E-6		
										6.948E+2	1.484E-5		
										6.952E+2	3.102E-5		
										6.955E+2	1.753E-5		
										6.958E+2	1.281E-5		
										6.961E+2	6.745E-6		
										6.965E+2	2.226E-5		
										6.968E+2	2.900E-5		
										6.971E+2	1.956E-5		
										6.975E+2	6.742E-7		
										6.978E+2	1.484E-5		
										6.981E+2	8.768E-6		
										6.984E+2	4.586E-5		
										6.988E+2	7.419E-6		
										6.991E+2	1.618E-5		
										6.994E+2	1.821E-5		
										6.997E+2	5.394E-6		
										7.001E+2	1.551E-5		
										7.004E+2	8.094E-6		
										7.007E+2	2.023E-6		
										7.010E+2	1.079E-5		
										7.014E+2	6.742E-7		
										7.017E+2	4.720E-6		
										7.020E+2	1.146E-5		
										7.023E+2	2.226E-5		
										7.027E+2	3.102E-5		
										7.030E+2	2.900E-5		
										7.033E+2	1.146E-5		
										7.037E+2	2.091E-5		
										7.040E+2	1.281E-5		
										7.043E+2	2.563E-5		
										7.046E+2	1.888E-5		
										7.050E+2	1.888E-5		
										7.053E+2	3.371E-6		
										7.056E+2	4.720E-6		
										7.059E+2	8.768E-6		
										7.062E+2	1.551E-5		
										7.066E+2	4.045E-6		
										7.069E+2	1.551E-5		
										7.072E+2	7.419E-6		
										7.075E+2	8.768E-6		
										7.079E+2	9.442E-6		
										7.082E+2	2.023E-6		
										7.085E+2	6.071E-6		
										7.088E+2	1.416E-5		
										7.092E+2	2.967E-5		
										7.095E+2	6.071E-6		
										7.098E+2	4.720E-6		
										7.102E+2	2.023E-6		
										7.105E+2	1.956E-5		
										7.108E+2	1.754E-5		
										7.111E+2	2.900E-5		
										7.115E+2	6.071E-6		
										7.118E+2	4.046E-5		
										7.121E+2	1.551E-5		
										7.124E+2	2.900E-5		
										7.128E+2	1.349E-5		
										7.131E+2	6.742E-7		
										7.134E+2	2.091E-5		
										7.137E+2	1.348E-6		
										7.140E+2	1.214E-5		
										7.144E+2	1.012E-5		
										7.147E+2	2.698E-5		
										7.150E+2	1.012E-5		
										7.153E+2	6.745E-6		
										7.157E+2	1.348E-6		
										7.160E+2	1.956E-5		
										7.163E+2	1.348E-6		
										7.166E+2	1.484E-5		
										7.170E+2	3.237E-5		
										7.173E+2	2.091E-5		
										7.176E+2	1.079E-5		
										7.179E+2	2.023E-6		
										7.183E+2	6.742E-7		
										7.186E+2	2.226E-5		
										7.189E+2	4.045E-6		
										7.192E+2	2.697E-6		
										7.195E+2	1.484E-5		
										7.199E+2	1.888E-5		
										7.202E+2	3.371E-6		
										7.205E+2	3.035E-5		
										7.208E+2	1.956E-5		
										7.212E+2	6.745E-6		
										7.215E+2	8.768E-6		
										7.218E+2	6.745E-6		
										7.221E+2	5.394E-6		
										7.225E+2	2.697E-6		
										7.228E+2	4.720E-6		
										7.231E+2	2.023E-6		
										7.234E+2	2.360E-5		
										7.238E+2	2.293E-5		
										7.241E+2	2.630E-5		
										7.244E+2	2.226E-5		
										7.247E+2	1.348E-6		
										7.250E+2	2.765E-5		
										7.254E+2	2.091E-5		
										7.257E+2	4.045E-6		
										7.260E+2	1.956E-5		
										7.263E+2	1.348E-6		
										7.267E+2	6.745E-6		
										7.270E+2	1.146E-5		
										7.273E+2	1.146E-5		
										7.276E+2	7.419E-6		
										7.280E+2	2.900E-5		
										7.283E+2	5.394E-6		
										7.286E+2	4.720E-6		
										7.289E+2	8.094E-6		
										7.292E+2	1.349E-5		
										7.296E+2	1.551E-5		
										7.299E+2	5.394E-6		
										7.302E+2	0.000E+0		
										7.305E+2	1.686E-5		
										7.308E+2	1.348E-6		
										7.312E+2	4.451E-5		
										7.315E+2	2.697E-6		
										7.318E+2	1.484E-5		
										7.321E+2	2.967E-5		
										7.325E+2	1.348E-6		
										7.328E+2	2.023E-6		
										7.331E+2	8.094E-6		
										7.334E+2	1.484E-5		
										7.337E+2	1.214E-5		
										7.341E+2	2.428E-5		
										7.344E+2	2.428E-5		
										7.347E+2	2.697E-6		
										7.350E+2	1.348E-6		
										7.353E+2	1.349E-5		
										7.357E+2	1.214E-5		
										7.360E+2	6.071E-6		
										7.363E+2	8.768E-6		
										7.366E+2	2.158E-5		
										7.370E+2	2.697E-6		
										7.373E+2	6.071E-6		
										7.376E+2	2.293E-5		
										7.379E+2	6.745E-6		
										7.382E+2	2.023E-6		
										7.386E+2	1.888E-5		
										7.389E+2	1.551E-5		
										7.392E+2	1.821E-5		
										7.395E+2	4.045E-6		
										7.398E+2	1.281E-5		
										7.402E+2	1.956E-5		
										7.405E+2	5.394E-6		
										7.408E+2	4.720E-6		
										7.411E+2	1.349E-5		
										7.415E+2	7.419E-6		
										7.418E+2	4.720E-6		
										7.421E+2	1.348E-6		
										7.424E+2	3.777E-5		
										7.427E+2	0.000E+0		
										7.430E+2	1.349E-5		
										7.434E+2	2.428E-5		
										7.437E+2	4.720E-6		
										7.440E+2	1.754E-5		
										7.443E+2	2.697E-6		
										7.447E+2	1.012E-5		
										7.450E+2	6.745E-6		
										7.453E+2	1.281E-5		
										7.456E+2	1.348E-6		
										7.459E+2	2.023E-6		
										7.462E+2	2.091E-5		
										7.466E+2	6.745E-6		
										7.469E+2	2.697E-6		
										7.472E+2	2.226E-5		
										7.475E+2	1.012E-5		
										7.478E+2	3.371E-6		
										7.482E+2	6.071E-6		
										7.485E+2	1.551E-5		
										7.488E+2	2.091E-5		
										7.491E+2	7.419E-6		
										7.494E+2	8.768E-6		
										7.498E+2	3.170E-5		
										7.501E+2	1.281E-5		
										7.504E+2	7.419E-6		
										7.507E+2	6.071E-6		
										7.510E+2	8.768E-6		
										7.513E+2	1.348E-6		
										7.517E+2	4.720E-6		
										7.520E+2	1.012E-5		
										7.523E+2	2.900E-5		
										7.526E+2	6.742E-7		
										7.530E+2	1.416E-5		
										7.533E+2	9.442E-6		
										7.536E+2	4.720E-6		
										7.539E+2	1.079E-5		
										7.542E+2	9.442E-6		
										7.545E+2	8.094E-6		
										7.549E+2	1.484E-5		
										7.552E+2	1.348E-6		
										7.555E+2	2.023E-5		
										7.558E+2	3.372E-5		
										7.561E+2	6.745E-6		
										7.565E+2	0.000E+0		
										7.568E+2	1.754E-5		
										7.571E+2	4.720E-6		
										7.574E+2	4.045E-6		
										7.577E+2	6.742E-7		
										7.580E+2	1.146E-5		
										7.584E+2	5.394E-6		
										7.587E+2	1.551E-5		
										7.590E+2	2.023E-6		
										7.593E+2	2.630E-5		
										7.596E+2	4.046E-5		
										7.600E+2	5.394E-6		
										7.603E+2	3.170E-5		
										7.606E+2	6.742E-7		
										7.609E+2	3.574E-5		
										7.612E+2	1.214E-5		
										7.615E+2	3.371E-6		
										7.618E+2	9.442E-6		
										7.622E+2	1.888E-5		
										7.625E+2	6.071E-6		
										7.628E+2	1.416E-5		
										7.631E+2	2.630E-5		
										7.634E+2	2.697E-6		
										7.638E+2	1.281E-5		
										7.641E+2	6.071E-6		
										7.644E+2	2.697E-6		
										7.647E+2	5.394E-6		
										7.650E+2	1.956E-5		
										7.653E+2	6.745E-6		
										7.657E+2	1.484E-5		
										7.660E+2	2.967E-5		
										7.663E+2	5.394E-6		
										7.666E+2	2.023E-6		
										7.669E+2	6.745E-6		
										7.672E+2	2.023E-5		
										7.675E+2	8.094E-6		
										7.679E+2	1.349E-5		
										7.682E+2	4.045E-6		
										7.685E+2	1.281E-5		
										7.688E+2	1.484E-5		
										7.691E+2	1.888E-5		
										7.695E+2	2.697E-6		
										7.698E+2	8.768E-6		
										7.701E+2	1.754E-5		
										7.704E+2	1.012E-5		
										7.707E+2	4.045E-6		
										7.710E+2	4.720E-6		
										7.713E+2	4.045E-6		
										7.717E+2	1.484E-5		
										7.720E+2	4.720E-6		
										7.723E+2	1.214E-5		
										7.726E+2	2.495E-5		
										7.729E+2	6.745E-6		
										7.732E+2	6.742E-7		
										7.736E+2	1.281E-5		
										7.739E+2	8.768E-6		
										7.742E+2	6.071E-6		
										7.745E+2	4.720E-6		
										7.748E+2	2.495E-5		
										7.751E+2	1.348E-6		
										7.755E+2	2.428E-5		
										7.758E+2	2.158E-5		
										7.761E+2	6.071E-6		
										7.764E+2	4.045E-6		
										7.767E+2	1.214E-5		
										7.770E+2	1.146E-5		
										7.773E+2	0.000E+0		
										7.777E+2	1.079E-5		
										7.780E+2	1.484E-5		
										7.783E+2	8.094E-6		
										7.786E+2	9.442E-6		
										7.789E+2	3.371E-6		
										7.792E+2	2.428E-5		
										7.795E+2	6.745E-6		
										7.799E+2	6.742E-7		
										7.802E+2	6.745E-6		
